
75
(
0.00297601
0.00338363
0.0033131
0.00325017
0.00319555
0.00314341
0.00309027
0.00303402
0.0029732
0.00290666
0.00283338
0.00275241
0.00266279
0.00256364
0.00245408
0.00233341
0.00220113
0.00205724
0.00190248
0.00173887
0.0015704
0.00140386
0.00124994
0.00112413
0.00104752
0.00297601
0.00338363
0.0033131
0.00325017
0.00319555
0.00314341
0.00309027
0.00303402
0.0029732
0.00290666
0.00283338
0.00275241
0.00266279
0.00256364
0.00245408
0.00233341
0.00220113
0.00205724
0.00190248
0.00173887
0.0015704
0.00140386
0.00124994
0.00112413
0.00104752
0.00297601
0.00338363
0.0033131
0.00325017
0.00319555
0.00314341
0.00309027
0.00303402
0.0029732
0.00290666
0.00283338
0.00275241
0.00266279
0.00256364
0.00245408
0.00233341
0.00220113
0.00205724
0.00190248
0.00173887
0.0015704
0.00140386
0.00124994
0.00112413
0.00104752
)
