
75
(
449.12
167.525
90.6875
58.5431
41.518
31.1618
24.2761
19.4091
15.8128
13.065
10.91
9.18383
7.77693
6.61314
5.63798
4.81149
4.10389
3.49281
2.96163
2.49865
2.09677
1.75372
1.47269
1.2633
1.14338
449.12
167.525
90.6875
58.5431
41.518
31.1618
24.2761
19.4091
15.8128
13.065
10.91
9.18383
7.77693
6.61314
5.63798
4.81149
4.10389
3.49281
2.96163
2.49865
2.09677
1.75372
1.47269
1.2633
1.14338
449.12
167.525
90.6875
58.5431
41.518
31.1618
24.2761
19.4091
15.8128
13.065
10.91
9.18383
7.77693
6.61314
5.63798
4.81149
4.10389
3.49281
2.96163
2.49865
2.09677
1.75372
1.47269
1.2633
1.14338
)
