
75
(
(0.0663273 0 0)
(0.158268 0 0)
(0.20839 0 0)
(0.243378 0 0)
(0.270773 0 0)
(0.293701 0 0)
(0.313731 0 0)
(0.331754 0 0)
(0.348316 0 0)
(0.363777 0 0)
(0.378382 0 0)
(0.392303 0 0)
(0.40566 0 0)
(0.418536 0 0)
(0.430982 0 0)
(0.443023 0 0)
(0.454657 0 0)
(0.465853 0 0)
(0.476545 0 0)
(0.486629 0 0)
(0.495948 0 0)
(0.504282 0 0)
(0.511331 0 0)
(0.516687 0 0)
(0.519789 0 0)
(0.0663273 0 0)
(0.158268 0 0)
(0.20839 0 0)
(0.243378 0 0)
(0.270773 0 0)
(0.293701 0 0)
(0.313731 0 0)
(0.331754 0 0)
(0.348316 0 0)
(0.363777 0 0)
(0.378382 0 0)
(0.392303 0 0)
(0.40566 0 0)
(0.418536 0 0)
(0.430982 0 0)
(0.443023 0 0)
(0.454657 0 0)
(0.465853 0 0)
(0.476545 0 0)
(0.486629 0 0)
(0.495948 0 0)
(0.504282 0 0)
(0.511331 0 0)
(0.516687 0 0)
(0.519789 0 0)
(0.0663273 0 0)
(0.158268 0 0)
(0.20839 0 0)
(0.243378 0 0)
(0.270773 0 0)
(0.293701 0 0)
(0.313731 0 0)
(0.331754 0 0)
(0.348316 0 0)
(0.363777 0 0)
(0.378382 0 0)
(0.392303 0 0)
(0.40566 0 0)
(0.418536 0 0)
(0.430982 0 0)
(0.443023 0 0)
(0.454657 0 0)
(0.465853 0 0)
(0.476545 0 0)
(0.486629 0 0)
(0.495948 0 0)
(0.504282 0 0)
(0.511331 0 0)
(0.516687 0 0)
(0.519789 0 0)
)
