
75
(
(-0.7 0 0.000907127)
(-0.7 0 0.00285949)
(-0.7 0 0.00510911)
(-0.7 0 0.00770122)
(-0.7 0 0.010688)
(-0.7 0 0.0141295)
(-0.7 0 0.018095)
(-0.7 0 0.0226642)
(-0.7 0 0.027929)
(-0.7 0 0.0339955)
(-0.7 0 0.0409856)
(-0.7 0 0.0490399)
(-0.7 0 0.0583205)
(-0.7 0 0.069014)
(-0.7 0 0.0813356)
(-0.7 0 0.0955332)
(-0.7 0 0.111892)
(-0.7 0 0.130742)
(-0.7 0 0.152462)
(-0.7 0 0.177489)
(-0.7 0 0.206326)
(-0.7 0 0.239553)
(-0.7 0 0.277839)
(-0.7 0 0.321954)
(-0.7 0 0.372786)
(-0.7 0.3 0.000907127)
(-0.7 0.3 0.00285949)
(-0.7 0.3 0.00510911)
(-0.7 0.3 0.00770122)
(-0.7 0.3 0.010688)
(-0.7 0.3 0.0141295)
(-0.7 0.3 0.018095)
(-0.7 0.3 0.0226642)
(-0.7 0.3 0.027929)
(-0.7 0.3 0.0339955)
(-0.7 0.3 0.0409856)
(-0.7 0.3 0.0490399)
(-0.7 0.3 0.0583205)
(-0.7 0.3 0.069014)
(-0.7 0.3 0.0813356)
(-0.7 0.3 0.0955332)
(-0.7 0.3 0.111892)
(-0.7 0.3 0.130742)
(-0.7 0.3 0.152462)
(-0.7 0.3 0.177489)
(-0.7 0.3 0.206326)
(-0.7 0.3 0.239553)
(-0.7 0.3 0.277839)
(-0.7 0.3 0.321954)
(-0.7 0.3 0.372786)
(-0.7 -0.3 0.000907127)
(-0.7 -0.3 0.00285949)
(-0.7 -0.3 0.00510911)
(-0.7 -0.3 0.00770122)
(-0.7 -0.3 0.010688)
(-0.7 -0.3 0.0141295)
(-0.7 -0.3 0.018095)
(-0.7 -0.3 0.0226642)
(-0.7 -0.3 0.027929)
(-0.7 -0.3 0.0339955)
(-0.7 -0.3 0.0409856)
(-0.7 -0.3 0.0490399)
(-0.7 -0.3 0.0583205)
(-0.7 -0.3 0.069014)
(-0.7 -0.3 0.0813356)
(-0.7 -0.3 0.0955332)
(-0.7 -0.3 0.111892)
(-0.7 -0.3 0.130742)
(-0.7 -0.3 0.152462)
(-0.7 -0.3 0.177489)
(-0.7 -0.3 0.206326)
(-0.7 -0.3 0.239553)
(-0.7 -0.3 0.277839)
(-0.7 -0.3 0.321954)
(-0.7 -0.3 0.372786)
)
