
75
(
(-0.5 0 0.00061382)
(-0.5 0 0.00192307)
(-0.5 0 0.00340637)
(-0.5 0 0.00508688)
(-0.5 0 0.00699081)
(-0.5 0 0.00914785)
(-0.5 0 0.0115917)
(-0.5 0 0.0143604)
(-0.5 0 0.0174972)
(-0.5 0 0.021051)
(-0.5 0 0.0250774)
(-0.5 0 0.029639)
(-0.5 0 0.034807)
(-0.5 0 0.0406621)
(-0.5 0 0.0472957)
(-0.5 0 0.0548111)
(-0.5 0 0.0633258)
(-0.5 0 0.0729724)
(-0.5 0 0.0839015)
(-0.5 0 0.0962835)
(-0.5 0 0.110312)
(-0.5 0 0.126205)
(-0.5 0 0.144211)
(-0.5 0 0.164611)
(-0.5 0 0.187724)
(-0.5 -0.2 0.00061382)
(-0.5 -0.2 0.00192307)
(-0.5 -0.2 0.00340637)
(-0.5 -0.2 0.00508688)
(-0.5 -0.2 0.00699081)
(-0.5 -0.2 0.00914785)
(-0.5 -0.2 0.0115917)
(-0.5 -0.2 0.0143604)
(-0.5 -0.2 0.0174972)
(-0.5 -0.2 0.021051)
(-0.5 -0.2 0.0250774)
(-0.5 -0.2 0.029639)
(-0.5 -0.2 0.034807)
(-0.5 -0.2 0.0406621)
(-0.5 -0.2 0.0472957)
(-0.5 -0.2 0.0548111)
(-0.5 -0.2 0.0633258)
(-0.5 -0.2 0.0729724)
(-0.5 -0.2 0.0839015)
(-0.5 -0.2 0.0962835)
(-0.5 -0.2 0.110312)
(-0.5 -0.2 0.126205)
(-0.5 -0.2 0.144211)
(-0.5 -0.2 0.164611)
(-0.5 -0.2 0.187724)
(-0.5 0.2 0.00061382)
(-0.5 0.2 0.00192307)
(-0.5 0.2 0.00340637)
(-0.5 0.2 0.00508688)
(-0.5 0.2 0.00699081)
(-0.5 0.2 0.00914785)
(-0.5 0.2 0.0115917)
(-0.5 0.2 0.0143604)
(-0.5 0.2 0.0174972)
(-0.5 0.2 0.021051)
(-0.5 0.2 0.0250774)
(-0.5 0.2 0.029639)
(-0.5 0.2 0.034807)
(-0.5 0.2 0.0406621)
(-0.5 0.2 0.0472957)
(-0.5 0.2 0.0548111)
(-0.5 0.2 0.0633258)
(-0.5 0.2 0.0729724)
(-0.5 0.2 0.0839015)
(-0.5 0.2 0.0962835)
(-0.5 0.2 0.110312)
(-0.5 0.2 0.126205)
(-0.5 0.2 0.144211)
(-0.5 0.2 0.164611)
(-0.5 0.2 0.187724)
)
