
75
(
0.000581836
0.000728213
0.000723517
0.000714063
0.000705366
0.000696687
0.000687514
0.000677498
0.00066637
0.000653894
0.000639843
0.000623985
0.000606075
0.000585859
0.000563074
0.000537463
0.000508798
0.000476926
0.000441846
0.000403833
0.000363639
0.000322779
0.000283899
0.000251178
0.000230681
0.000581836
0.000728213
0.000723517
0.000714063
0.000705366
0.000696687
0.000687514
0.000677498
0.00066637
0.000653894
0.000639843
0.000623985
0.000606075
0.000585859
0.000563074
0.000537463
0.000508798
0.000476926
0.000441846
0.000403833
0.000363639
0.000322779
0.000283899
0.000251178
0.000230681
0.000581836
0.000728213
0.000723517
0.000714063
0.000705366
0.000696687
0.000687514
0.000677498
0.00066637
0.000653894
0.000639843
0.000623985
0.000606075
0.000585859
0.000563074
0.000537463
0.000508798
0.000476926
0.000441846
0.000403833
0.000363639
0.000322779
0.000283899
0.000251178
0.000230681
)
