
75
(
153.207
55.7033
29.3609
18.5756
12.9536
9.57713
7.35695
5.80368
4.66734
3.80774
3.14039
2.6115
2.18515
1.83653
1.5479
1.30628
1.10196
0.927597
0.777653
0.648065
0.536148
0.440669
0.362095
0.302985
0.268639
153.207
55.7033
29.3609
18.5756
12.9536
9.57713
7.35695
5.80368
4.66734
3.80774
3.14039
2.6115
2.18515
1.83653
1.5479
1.30628
1.10196
0.927597
0.777653
0.648065
0.536148
0.440669
0.362095
0.302985
0.268639
153.207
55.7033
29.3609
18.5756
12.9536
9.57713
7.35695
5.80368
4.66734
3.80774
3.14039
2.6115
2.18515
1.83653
1.5479
1.30628
1.10196
0.927597
0.777653
0.648065
0.536148
0.440669
0.362095
0.302985
0.268639
)
