
2145
(
-1.55856e-10
-1.73332e-10
5.43718e-11
8.56657e-11
3.27259e-10
3.56673e-10
4.97512e-10
5.21381e-10
4.54446e-10
4.71564e-10
4.42505e-10
4.51346e-10
6.12577e-10
6.22315e-10
2.76567e-10
2.72129e-10
9.06891e-11
9.76442e-11
1.93905e-10
2.19021e-10
3.02992e-10
3.23667e-10
4.22975e-10
4.42313e-10
2.90581e-10
3.10003e-10
2.60738e-10
2.72309e-10
3.26422e-10
3.47466e-10
2.2017e-10
2.36657e-10
1.69671e-10
1.72151e-10
2.45326e-10
2.55675e-10
4.14174e-10
4.31326e-10
3.57749e-10
3.72448e-10
1.20711e-10
1.28012e-10
-2.44245e-10
-2.57373e-10
-4.06194e-10
-4.15873e-10
-2.08456e-10
-1.98062e-10
-2.03153e-10
-1.95419e-10
8.48521e-12
2.90017e-11
1.32383e-10
1.74084e-10
1.05108e-10
1.43636e-10
7.23975e-11
9.51741e-11
-4.76643e-11
-2.71042e-11
5.23257e-11
6.93144e-11
2.8142e-10
2.94562e-10
3.91703e-10
4.06863e-10
-2.06491e-10
-1.30412e-11
2.65799e-10
4.49153e-10
4.14639e-10
4.1986e-10
5.86892e-10
2.83018e-10
7.02661e-11
1.36743e-10
2.65296e-10
3.89791e-10
2.47527e-10
2.30073e-10
2.84295e-10
1.8017e-10
1.49229e-10
2.11608e-10
3.68074e-10
3.22298e-10
1.05111e-10
-2.17913e-10
-3.81762e-10
-2.33741e-10
-2.27088e-10
-3.84631e-11
3.68812e-11
1.81151e-11
1.75432e-11
-1.00865e-10
2.51861e-12
2.3857e-10
3.46801e-10
-2.32474e-10
-7.87244e-11
2.06152e-10
4.03906e-10
3.69224e-10
3.92694e-10
5.51098e-10
2.79978e-10
4.52774e-11
7.90706e-11
2.4056e-10
3.74089e-10
2.06195e-10
1.92449e-10
2.59896e-10
1.43718e-10
1.17523e-10
1.69135e-10
3.05059e-10
2.82017e-10
8.97099e-11
-1.95652e-10
-3.53999e-10
-2.65065e-10
-2.58189e-10
-8.33802e-11
-5.816e-11
-6.84503e-11
-4.65443e-11
-1.62838e-10
-6.19191e-11
1.75344e-10
2.85288e-10
-2.50049e-10
-1.32981e-10
1.54553e-10
3.64264e-10
3.25607e-10
3.69942e-10
5.05948e-10
2.64141e-10
3.59252e-11
4.49191e-11
2.33106e-10
3.72294e-10
1.75238e-10
1.58929e-10
2.55487e-10
1.25768e-10
1.09123e-10
1.45607e-10
2.36254e-10
2.4033e-10
7.66429e-11
-1.64893e-10
-3.1398e-10
-2.94457e-10
-2.90509e-10
-1.17509e-10
-1.22465e-10
-1.27372e-10
-1.02921e-10
-2.11364e-10
-1.1952e-10
1.06712e-10
2.21724e-10
-2.61368e-10
-1.77459e-10
1.08013e-10
3.23989e-10
2.84166e-10
3.55838e-10
4.57e-10
2.34357e-10
4.15342e-11
4.04534e-11
2.38603e-10
3.71913e-10
1.55556e-10
1.42237e-10
2.5176e-10
1.13357e-10
1.27423e-10
1.43636e-10
1.74136e-10
1.96091e-10
6.15185e-11
-1.15213e-10
-2.49452e-10
-3.13699e-10
-3.17489e-10
-1.39137e-10
-1.55364e-10
-1.4303e-10
-1.32719e-10
-2.43007e-10
-1.64377e-10
4.13444e-11
1.64094e-10
-2.56183e-10
-2.03574e-10
6.75592e-11
2.80243e-10
2.467e-10
3.52423e-10
4.14663e-10
1.94242e-10
4.80199e-11
5.28139e-11
2.52289e-10
3.75353e-10
1.52332e-10
1.52499e-10
2.51819e-10
9.77586e-11
1.44332e-10
1.45433e-10
1.28299e-10
1.57266e-10
4.29587e-11
-6.38797e-11
-1.72727e-10
-3.17897e-10
-3.21603e-10
-1.3822e-10
-1.69071e-10
-1.18792e-10
-1.29435e-10
-2.62029e-10
-1.93534e-10
-7.38077e-12
1.23497e-10
-2.24682e-10
-2.02943e-10
3.97742e-11
2.36451e-10
2.15017e-10
3.5822e-10
3.88944e-10
1.67497e-10
6.00814e-11
6.98106e-11
2.75456e-10
3.89813e-10
1.63202e-10
1.73426e-10
2.50881e-10
7.87957e-11
1.39371e-10
1.39315e-10
9.05065e-11
1.21768e-10
3.29882e-11
-1.51373e-11
-9.49169e-11
-3.0434e-10
-3.03839e-10
-1.19685e-10
-1.69197e-10
-7.68908e-11
-1.02409e-10
-2.62619e-10
-2.03531e-10
-3.32404e-11
1.0051e-10
-1.82412e-10
-1.8856e-10
2.61592e-11
2.0784e-10
1.97655e-10
3.6746e-10
3.86576e-10
1.71353e-10
7.98119e-11
8.97004e-11
3.07397e-10
4.15733e-10
1.86137e-10
1.85889e-10
2.31198e-10
5.06666e-11
1.13919e-10
1.23421e-10
4.80621e-11
8.4048e-11
4.98718e-11
4.04502e-11
-2.455e-11
-2.71486e-10
-2.71137e-10
-8.8411e-11
-1.50271e-10
-2.9499e-11
-6.04621e-11
-2.38181e-10
-1.98746e-10
-4.85496e-11
8.29223e-11
-1.49269e-10
-1.77143e-10
2.24389e-11
2.12604e-10
2.11683e-10
3.77628e-10
3.98581e-10
1.96611e-10
1.02152e-10
1.15754e-10
3.34879e-10
4.43726e-10
2.25378e-10
1.93699e-10
1.98484e-10
1.60032e-11
8.18983e-11
1.01506e-10
7.12837e-13
5.28331e-11
1.01774e-10
1.06227e-10
3.45185e-11
-2.18837e-10
-2.19346e-10
-3.84619e-11
-1.05477e-10
2.09492e-11
-1.48014e-11
-1.97537e-10
-1.8937e-10
-6.81218e-11
5.71398e-11
-1.24751e-10
-1.61795e-10
3.35458e-11
2.43545e-10
2.51354e-10
3.86671e-10
4.08448e-10
2.27804e-10
1.28357e-10
1.49299e-10
3.48875e-10
4.65681e-10
2.80535e-10
2.08152e-10
1.70045e-10
-1.11436e-11
6.17955e-11
8.39801e-11
-4.39452e-11
3.89955e-11
1.79413e-10
1.81331e-10
9.40025e-11
-1.45653e-10
-1.46342e-10
2.98238e-11
-3.53795e-11
8.51825e-11
4.08883e-11
-1.49226e-10
-1.71084e-10
-8.48094e-11
1.94108e-11
-9.6021e-11
-1.25047e-10
6.50749e-11
2.75488e-10
2.91859e-10
3.89976e-10
4.05507e-10
2.53798e-10
1.60623e-10
1.95113e-10
3.62739e-10
4.88792e-10
3.51562e-10
2.35673e-10
1.47592e-10
-2.09596e-11
6.90137e-11
7.96681e-11
-7.75219e-11
4.69659e-11
2.66501e-10
2.60802e-10
1.70865e-10
-5.07972e-11
-5.77513e-11
1.05625e-10
4.56824e-11
1.70669e-10
1.21493e-10
-8.65708e-11
-1.28431e-10
-8.39977e-11
-2.31973e-11
-5.98135e-11
-6.80554e-11
9.98366e-11
2.87671e-10
3.23063e-10
3.92336e-10
4.04406e-10
2.80822e-10
1.98228e-10
2.58791e-10
3.92463e-10
5.18899e-10
4.37031e-10
2.79484e-10
1.27955e-10
-1.23608e-11
1.0698e-10
8.94886e-11
-9.73212e-11
7.04928e-11
3.51387e-10
3.42654e-10
2.68865e-10
6.18465e-11
3.54315e-11
1.70655e-10
1.21952e-10
2.60118e-10
2.14609e-10
-2.27932e-12
-5.8332e-11
-6.64008e-11
-6.49697e-11
-3.07993e-11
-5.47175e-12
1.2294e-10
2.80428e-10
3.55919e-10
4.10187e-10
4.33089e-10
3.23471e-10
2.3734e-10
3.33408e-10
4.33782e-10
5.52937e-10
5.33687e-10
3.43854e-10
1.19024e-10
1.65254e-11
1.69724e-10
1.07504e-10
-1.04006e-10
9.49553e-11
4.23409e-10
4.25828e-10
3.65432e-10
1.72802e-10
1.23851e-10
2.12313e-10
1.89032e-10
3.37646e-10
3.01008e-10
9.89003e-11
2.29394e-11
-4.4986e-11
-1.0294e-10
-1.73608e-11
5.54259e-11
1.492e-10
2.7768e-10
4.00273e-10
4.50049e-10
4.91532e-10
3.78686e-10
2.70406e-10
4.01357e-10
4.72591e-10
5.88178e-10
6.36213e-10
4.28717e-10
1.38369e-10
7.09442e-11
2.45297e-10
1.27771e-10
-9.28937e-11
1.08827e-10
4.67906e-10
5.06933e-10
4.37869e-10
2.62202e-10
2.07916e-10
2.37685e-10
2.53306e-10
4.09269e-10
3.7609e-10
2.03359e-10
9.19014e-11
-3.57204e-11
-1.31866e-10
-6.00925e-12
1.17231e-10
1.98896e-10
3.0727e-10
4.57921e-10
5.00166e-10
5.64177e-10
4.4215e-10
2.91829e-10
4.48594e-10
5.02611e-10
6.1983e-10
7.28032e-10
5.20096e-10
1.95239e-10
1.42378e-10
3.1243e-10
1.50787e-10
-6.22888e-11
1.13161e-10
4.85793e-10
5.84129e-10
4.87534e-10
3.32145e-10
2.93606e-10
2.61392e-10
3.20238e-10
4.84221e-10
4.35861e-10
2.93829e-10
1.4299e-10
-4.07231e-11
-1.50421e-10
2.4894e-11
1.85559e-10
2.78914e-10
3.83889e-10
5.29355e-10
5.49273e-10
6.43995e-10
5.12332e-10
2.95851e-10
4.74252e-10
5.29978e-10
6.46342e-10
7.93831e-10
5.93128e-10
2.75729e-10
2.15374e-10
3.56407e-10
1.76836e-10
-2.49647e-11
1.11889e-10
4.88801e-10
6.45869e-10
5.15412e-10
3.91986e-10
3.82675e-10
2.88499e-10
3.87708e-10
5.65939e-10
4.83911e-10
3.64262e-10
1.8815e-10
-4.87666e-11
-1.63072e-10
8.35942e-11
2.60153e-10
3.84064e-10
5.02625e-10
6.1038e-10
5.91302e-10
7.2348e-10
5.74487e-10
2.69969e-10
4.83034e-10
5.57402e-10
6.65734e-10
8.33621e-10
6.35004e-10
3.60747e-10
2.91084e-10
3.84925e-10
2.05404e-10
1.17366e-11
1.06503e-10
4.7678e-10
6.69951e-10
5.11633e-10
4.43135e-10
4.71042e-10
3.17854e-10
4.46833e-10
6.44976e-10
5.32225e-10
4.29067e-10
2.31228e-10
-5.64906e-11
-1.68085e-10
1.62828e-10
3.31485e-10
4.88572e-10
6.3633e-10
6.92721e-10
6.19306e-10
7.88483e-10
6.13265e-10
2.08749e-10
4.70311e-10
5.71415e-10
6.67023e-10
8.52563e-10
6.53344e-10
4.44194e-10
3.79825e-10
4.1118e-10
2.49808e-10
6.83303e-11
1.19298e-10
4.62756e-10
6.45425e-10
4.72995e-10
4.75945e-10
5.44172e-10
3.46706e-10
4.82981e-10
6.93169e-10
5.75192e-10
4.98978e-10
2.68984e-10
-6.70904e-11
-1.63149e-10
2.55254e-10
4.0024e-10
5.68203e-10
7.49065e-10
7.63765e-10
6.32047e-10
8.32571e-10
6.31699e-10
1.34407e-10
4.33074e-10
5.56573e-10
6.40097e-10
8.5154e-10
6.57427e-10
5.24002e-10
4.82787e-10
4.42419e-10
3.25384e-10
1.59813e-10
1.66057e-10
4.62357e-10
5.79615e-10
4.08055e-10
4.75056e-10
5.82317e-10
3.70309e-10
4.91978e-10
6.97845e-10
5.98196e-10
5.58589e-10
2.90239e-10
-8.6212e-11
-1.61968e-10
3.57916e-10
4.80376e-10
6.247e-10
8.24283e-10
8.08454e-10
6.33019e-10
8.69186e-10
6.46277e-10
7.4513e-11
3.72637e-10
5.06091e-10
5.81967e-10
8.2666e-10
6.50812e-10
5.82572e-10
5.72982e-10
4.81583e-10
4.22866e-10
2.72573e-10
2.32356e-10
4.58127e-10
4.85415e-10
3.29751e-10
4.39168e-10
5.79834e-10
3.78994e-10
4.72748e-10
6.63232e-10
5.87773e-10
5.78617e-10
2.79249e-10
-1.17683e-10
-1.74908e-10
4.6339e-10
5.69516e-10
6.63072e-10
8.72345e-10
8.23128e-10
6.19223e-10
9.10392e-10
6.6254e-10
2.87835e-11
2.85508e-10
4.13376e-10
4.8465e-10
7.68537e-10
6.30612e-10
5.87877e-10
6.02895e-10
5.12966e-10
5.14551e-10
3.91289e-10
3.05016e-10
4.26773e-10
3.67544e-10
2.41224e-10
3.82223e-10
5.4381e-10
3.49681e-10
4.06113e-10
5.79209e-10
5.24175e-10
5.44083e-10
2.299e-10
-1.68326e-10
-2.03683e-10
5.50662e-10
6.44745e-10
6.75784e-10
9.01106e-10
8.11014e-10
5.81326e-10
9.43671e-10
6.6605e-10
-2.43744e-11
1.77631e-10
2.92341e-10
3.53378e-10
6.8181e-10
5.96503e-10
5.42593e-10
5.6938e-10
5.26257e-10
5.90634e-10
5.11468e-10
3.83926e-10
3.77315e-10
2.34501e-10
1.44574e-10
3.24905e-10
4.8642e-10
2.70072e-10
2.85475e-10
4.46525e-10
4.14037e-10
4.73441e-10
1.48572e-10
-2.44114e-10
-2.44557e-10
6.05386e-10
6.93851e-10
6.6469e-10
9.12316e-10
7.77558e-10
5.23403e-10
9.59741e-10
6.51776e-10
-9.0732e-11
7.04611e-11
1.79544e-10
2.21705e-10
5.88999e-10
5.57381e-10
4.87175e-10
5.18554e-10
5.4433e-10
6.7169e-10
6.39286e-10
4.78995e-10
3.40592e-10
1.11908e-10
5.77863e-11
2.80464e-10
4.13451e-10
1.56766e-10
1.40282e-10
2.9947e-10
2.97821e-10
3.98733e-10
5.96964e-11
-3.22208e-10
-2.753e-10
6.25602e-10
7.19285e-10
6.45089e-10
9.09713e-10
7.39719e-10
4.75843e-10
9.66989e-10
6.28289e-10
-1.44486e-10
-1.07572e-11
8.86482e-11
1.0859e-10
4.96878e-10
5.13294e-10
4.4089e-10
4.7231e-10
5.77838e-10
7.69079e-10
7.76459e-10
5.92604e-10
3.2814e-10
2.23768e-11
-4.8385e-13
2.33617e-10
3.14567e-10
2.95949e-11
4.73863e-12
1.69559e-10
1.96177e-10
3.29449e-10
-1.61462e-11
-3.77339e-10
-2.84621e-10
5.98005e-10
7.10315e-10
6.10763e-10
8.81187e-10
7.11237e-10
4.67031e-10
9.56691e-10
5.80723e-10
-1.65334e-10
-5.43702e-11
9.71479e-12
7.67659e-12
3.95711e-10
4.56508e-10
3.97793e-10
4.26006e-10
6.13098e-10
8.69134e-10
9.14491e-10
7.18065e-10
3.32853e-10
-2.7663e-11
-2.56546e-11
1.6158e-10
1.86826e-10
-9.15259e-11
-9.78814e-11
6.93491e-11
1.06335e-10
2.60434e-10
-8.68176e-11
-4.169e-10
-2.8255e-10
5.18448e-10
6.55524e-10
5.49223e-10
8.27553e-10
6.94329e-10
4.93593e-10
9.12092e-10
4.83927e-10
-1.60185e-10
-7.26573e-11
-7.1164e-11
-8.33123e-11
2.88557e-10
3.87142e-10
3.4993e-10
3.80974e-10
6.41254e-10
9.5852e-10
1.05005e-09
8.42734e-10
3.38529e-10
-5.94561e-11
-3.90951e-11
6.61953e-11
4.71809e-11
-1.8445e-10
-1.5321e-10
-1.68612e-12
2.88849e-11
1.90691e-10
-1.69644e-10
-4.60504e-10
-2.82346e-10
4.05003e-10
5.62965e-10
4.68339e-10
7.67973e-10
6.84714e-10
5.3996e-10
8.46553e-10
3.45105e-10
-1.53002e-10
-9.98395e-11
-1.69102e-10
-1.63121e-10
1.86748e-10
3.08645e-10
2.87868e-10
3.3327e-10
6.48558e-10
1.0074e-09
1.16098e-09
9.33119e-10
3.09253e-10
-1.04688e-10
-6.91558e-11
-3.58154e-11
-8.28006e-11
-2.39494e-10
-1.64698e-10
-5.68109e-11
-3.61141e-11
1.19379e-10
-2.75267e-10
-5.2001e-10
-2.9467e-10
2.74387e-10
4.47999e-10
3.78094e-10
7.03345e-10
6.71485e-10
5.90959e-10
7.762e-10
1.95989e-10
-1.55301e-10
-1.58171e-10
-2.83472e-10
-2.3451e-10
8.33422e-11
2.11982e-10
2.03282e-10
2.71917e-10
6.14801e-10
9.67102e-10
1.19967e-09
9.6857e-10
2.32521e-10
-1.66728e-10
-1.15706e-10
-1.32047e-10
-1.90745e-10
-2.62111e-10
-1.50659e-10
-1.11789e-10
-9.25855e-11
4.33695e-11
-4.10259e-10
-5.98654e-10
-3.21277e-10
1.3372e-10
3.19432e-10
2.91589e-10
6.32896e-10
6.43737e-10
6.14307e-10
6.70661e-10
4.70629e-11
-1.58781e-10
-2.35388e-10
-3.9569e-10
-2.94143e-10
-3.24084e-11
8.70533e-11
9.50062e-11
1.86987e-10
5.30095e-10
8.40746e-10
1.14993e-09
9.5326e-10
1.36937e-10
-2.32503e-10
-1.62236e-10
-2.13046e-10
-2.75425e-10
-2.64473e-10
-1.28351e-10
-1.75148e-10
-1.49888e-10
-4.58325e-11
-5.75895e-10
-6.97188e-10
-3.64234e-10
-1.53016e-11
1.75828e-10
2.14408e-10
5.5557e-10
5.94759e-10
5.87567e-10
4.96237e-10
-1.1317e-10
-1.63477e-10
-3.19292e-10
-4.91987e-10
-3.32732e-10
-1.52624e-10
-6.07853e-11
-3.48924e-11
7.51536e-11
4.02439e-10
6.78736e-10
1.02804e-09
8.78266e-10
4.10466e-11
-2.94205e-10
-1.96015e-10
-2.67387e-10
-3.36994e-10
-2.57509e-10
-1.08417e-10
-2.49446e-10
-2.25301e-10
-1.59739e-10
-7.63257e-10
-8.09512e-10
-4.17941e-10
-1.71413e-10
1.67791e-11
1.33641e-10
4.57504e-10
5.27264e-10
5.27495e-10
2.72312e-10
-2.81322e-10
-1.86349e-10
-4.15523e-10
-5.76735e-10
-3.62332e-10
-2.72985e-10
-2.24824e-10
-1.84414e-10
-5.5799e-11
2.49011e-10
5.09819e-10
8.52676e-10
7.43674e-10
-5.17282e-11
-3.4852e-10
-2.13327e-10
-2.90547e-10
-3.7698e-10
-2.51385e-10
-9.76352e-11
-3.34037e-10
-3.28492e-10
-3.08848e-10
-9.64951e-10
-9.20943e-10
-4.68816e-10
-3.14697e-10
-1.38885e-10
3.51325e-11
3.27964e-10
4.5556e-10
4.55917e-10
3.28979e-11
-4.44766e-10
-2.39042e-10
-5.18939e-10
-6.57367e-10
-4.11354e-10
-4.00009e-10
-3.99383e-10
-3.46618e-10
-1.96779e-10
7.8589e-11
3.36884e-10
6.49114e-10
5.74668e-10
-1.37262e-10
-3.95448e-10
-2.20921e-10
-2.97142e-10
-4.12046e-10
-2.59544e-10
-1.00759e-10
-4.23211e-10
-4.52032e-10
-4.96249e-10
-1.18387e-09
-1.02654e-09
-5.13655e-10
-4.3026e-10
-2.7347e-10
-9.50912e-11
1.58228e-10
3.90309e-10
3.79375e-10
-2.11714e-10
-6.11099e-10
-3.17282e-10
-6.15735e-10
-7.34081e-10
-4.83064e-10
-5.2702e-10
-5.67991e-10
-5.10469e-10
-3.42718e-10
-1.06522e-10
1.56633e-10
4.33012e-10
3.90995e-10
-2.12321e-10
-4.36056e-10
-2.27224e-10
-3.08522e-10
-4.64309e-10
-2.93953e-10
-1.21705e-10
-5.10649e-10
-5.84753e-10
-6.96667e-10
-1.38745e-09
-1.11217e-09
-5.50232e-10
-5.61863e-10
-4.05326e-10
-2.56241e-10
-4.77308e-11
3.29951e-10
2.9949e-10
-4.61032e-10
-7.84142e-10
-4.11603e-10
-7.11866e-10
-8.07308e-10
-5.64066e-10
-6.49659e-10
-7.24253e-10
-6.69073e-10
-4.90395e-10
-3.00285e-10
-3.44218e-11
2.04062e-10
2.00243e-10
-2.75329e-10
-4.6883e-10
-2.36288e-10
-3.34629e-10
-5.39907e-10
-3.57653e-10
-1.62345e-10
-5.93032e-10
-7.19213e-10
-8.55557e-10
-1.49655e-09
-1.14732e-09
-5.7548e-10
-7.47513e-10
-5.54858e-10
-4.31459e-10
-2.7043e-10
2.66208e-10
2.10224e-10
-7.12984e-10
-9.38439e-10
-4.94493e-10
-7.97791e-10
-8.63466e-10
-6.47863e-10
-7.821e-10
-8.82889e-10
-8.20577e-10
-6.36902e-10
-4.95435e-10
-2.36616e-10
-3.66772e-11
6.37186e-12
-3.27945e-10
-4.89076e-10
-2.56972e-10
-3.88645e-10
-6.30474e-10
-4.40378e-10
-2.24455e-10
-6.69248e-10
-8.45448e-10
-9.39201e-10
-1.48654e-09
-1.13887e-09
-5.9607e-10
-9.49538e-10
-7.10532e-10
-6.19119e-10
-5.04749e-10
1.81779e-10
9.5437e-11
-9.67432e-10
-1.0603e-09
-5.31574e-10
-8.45843e-10
-8.95245e-10
-7.30449e-10
-9.29387e-10
-1.04792e-09
-9.62436e-10
-7.80556e-10
-6.8758e-10
-4.491e-10
-2.8344e-10
-1.85413e-10
-3.72265e-10
-4.9108e-10
-3.06176e-10
-4.95725e-10
-7.38408e-10
-5.37269e-10
-3.08313e-10
-7.40241e-10
-9.54379e-10
-9.7771e-10
-1.42474e-09
-1.11673e-09
-6.0941e-10
-1.1251e-09
-8.59821e-10
-8.25554e-10
-7.51825e-10
4.81359e-11
-7.15892e-11
-1.21061e-09
-1.14528e-09
-5.12032e-10
-8.50176e-10
-9.13505e-10
-8.04996e-10
-1.08288e-09
-1.20861e-09
-1.09116e-09
-9.22216e-10
-8.72809e-10
-6.72354e-10
-5.35751e-10
-3.71737e-10
-4.10033e-10
-4.73008e-10
-3.96889e-10
-6.73396e-10
-8.82937e-10
-6.61549e-10
-4.07283e-10
-8.06037e-10
-1.04885e-09
-1.01535e-09
-1.36513e-09
-1.09016e-09
-6.16557e-10
-1.29283e-09
-1.01463e-09
-1.03946e-09
-9.96607e-10
-1.50397e-10
-3.06293e-10
-1.39207e-09
-1.14961e-09
-4.42617e-10
-8.06359e-10
-9.10129e-10
-8.65617e-10
-1.22855e-09
-1.35195e-09
-1.20432e-09
-1.06297e-09
-1.04896e-09
-9.05963e-10
-7.9642e-10
-5.53796e-10
-4.44409e-10
-4.45612e-10
-5.37825e-10
-9.19877e-10
-1.06708e-09
-8.17288e-10
-5.15876e-10
-8.57783e-10
-1.12639e-09
-1.06436e-09
-1.30869e-09
-1.0604e-09
-6.39047e-10
-1.49472e-09
-1.19622e-09
-1.23479e-09
-1.21527e-09
-3.93556e-10
-5.79745e-10
-1.47497e-09
-1.04857e-09
-3.45189e-10
-7.16304e-10
-8.8085e-10
-9.14342e-10
-1.34886e-09
-1.47078e-09
-1.30472e-09
-1.20372e-09
-1.21845e-09
-1.13535e-09
-1.04717e-09
-7.29413e-10
-4.80588e-10
-4.27129e-10
-7.21544e-10
-1.19973e-09
-1.26063e-09
-9.89186e-10
-6.35227e-10
-8.81415e-10
-1.17045e-09
-1.12057e-09
-1.2502e-09
-1.02193e-09
-6.70225e-10
-1.72925e-09
-1.401e-09
-1.3749e-09
-1.37468e-09
-6.46678e-10
-8.38717e-10
-1.47601e-09
-8.9781e-10
-2.59313e-10
-6.12024e-10
-8.48526e-10
-9.64473e-10
-1.44098e-09
-1.56505e-09
-1.39903e-09
-1.3447e-09
-1.37959e-09
-1.33314e-09
-1.2599e-09
-8.94545e-10
-5.23661e-10
-4.27374e-10
-9.01905e-10
-1.43389e-09
-1.41273e-09
-1.15529e-09
-7.64939e-10
-8.73857e-10
-1.17368e-09
-1.17094e-09
-1.18342e-09
-9.6296e-10
-6.81133e-10
-1.94643e-09
-1.59316e-09
-1.44316e-09
-1.45909e-09
-8.79867e-10
-1.04865e-09
-1.42016e-09
-7.62023e-10
-2.15978e-10
-5.1537e-10
-8.25293e-10
-1.02696e-09
-1.50736e-09
-1.62471e-09
-1.49004e-09
-1.48501e-09
-1.52128e-09
-1.47918e-09
-1.42383e-09
-1.04563e-09
-5.75468e-10
-4.47917e-10
-1.02593e-09
-1.56047e-09
-1.49533e-09
-1.29762e-09
-9.00471e-10
-8.54827e-10
-1.15434e-09
-1.20071e-09
-1.09777e-09
-8.78115e-10
-6.5984e-10
-2.09326e-09
-1.74432e-09
-1.48238e-09
-1.50498e-09
-1.07531e-09
-1.21089e-09
-1.33774e-09
-6.60927e-10
-2.09884e-10
-4.11966e-10
-8.0618e-10
-1.10598e-09
-1.54598e-09
-1.64718e-09
-1.57612e-09
-1.61585e-09
-1.62762e-09
-1.55459e-09
-1.51975e-09
-1.16683e-09
-6.30014e-10
-4.8508e-10
-1.09003e-09
-1.60035e-09
-1.52939e-09
-1.41149e-09
-1.03401e-09
-8.56945e-10
-1.13825e-09
-1.20542e-09
-9.99699e-10
-7.71132e-10
-6.09907e-10
-2.14793e-09
-1.8523e-09
-1.53942e-09
-1.56298e-09
-1.25738e-09
-1.35582e-09
-1.27222e-09
-6.00586e-10
-2.36076e-10
-3.12995e-10
-8.04536e-10
-1.21525e-09
-1.5743e-09
-1.65927e-09
-1.65536e-09
-1.71362e-09
-1.68371e-09
-1.549e-09
-1.52621e-09
-1.24353e-09
-6.83995e-10
-5.37317e-10
-1.13289e-09
-1.60891e-09
-1.54624e-09
-1.51003e-09
-1.16308e-09
-8.93843e-10
-1.12239e-09
-1.18552e-09
-9.14605e-10
-6.6122e-10
-5.51597e-10
-2.1196e-09
-1.91134e-09
-1.60841e-09
-1.65298e-09
-1.46148e-09
-1.50837e-09
-1.24392e-09
-5.85934e-10
-3.06674e-10
-2.68376e-10
-8.43851e-10
-1.35215e-09
-1.60999e-09
-1.68703e-09
-1.7228e-09
-1.76113e-09
-1.69385e-09
-1.48447e-09
-1.46701e-09
-1.29491e-09
-7.56188e-10
-6.21266e-10
-1.18791e-09
-1.59705e-09
-1.55008e-09
-1.61771e-09
-1.30237e-09
-9.64658e-10
-1.10399e-09
-1.1493e-09
-8.58855e-10
-5.86335e-10
-5.31672e-10
-2.03202e-09
-1.91925e-09
-1.67733e-09
-1.76962e-09
-1.67752e-09
-1.64821e-09
-1.22771e-09
-5.99812e-10
-4.12046e-10
-2.98622e-10
-9.19997e-10
-1.48362e-09
-1.64476e-09
-1.72919e-09
-1.76548e-09
-1.76035e-09
-1.68792e-09
-1.41689e-09
-1.40522e-09
-1.35606e-09
-8.66023e-10
-7.55319e-10
-1.26049e-09
-1.54709e-09
-1.53683e-09
-1.74914e-09
-1.46648e-09
-1.06957e-09
-1.10691e-09
-1.11547e-09
-8.20597e-10
-5.70504e-10
-5.94776e-10
-1.90911e-09
-1.88962e-09
-1.7433e-09
-1.89035e-09
-1.8713e-09
-1.74407e-09
-1.21736e-09
-6.40248e-10
-5.27388e-10
-3.83069e-10
-1.00402e-09
-1.5747e-09
-1.6657e-09
-1.77712e-09
-1.77943e-09
-1.7354e-09
-1.70329e-09
-1.41506e-09
-1.40974e-09
-1.44623e-09
-1.01102e-09
-9.35462e-10
-1.34306e-09
-1.4647e-09
-1.51806e-09
-1.89047e-09
-1.64269e-09
-1.20029e-09
-1.14889e-09
-1.09524e-09
-7.76671e-10
-6.04837e-10
-7.40776e-10
-1.76796e-09
-1.8249e-09
-1.77443e-09
-1.97709e-09
-2.01805e-09
-1.80071e-09
-1.24674e-09
-7.32193e-10
-6.30139e-10
-4.81392e-10
-1.06321e-09
-1.60306e-09
-1.67089e-09
-1.8231e-09
-1.77633e-09
-1.71874e-09
-1.75591e-09
-1.48931e-09
-1.49903e-09
-1.57516e-09
-1.18422e-09
-1.14682e-09
-1.43658e-09
-1.37503e-09
-1.50233e-09
-2.00264e-09
-1.79418e-09
-1.34276e-09
-1.22949e-09
-1.09973e-09
-7.30486e-10
-6.68844e-10
-9.30981e-10
-1.61839e-09
-1.72564e-09
-1.74506e-09
-1.99845e-09
-2.10625e-09
-1.83281e-09
-1.30927e-09
-8.72535e-10
-7.22561e-10
-5.71216e-10
-1.08064e-09
-1.57877e-09
-1.66457e-09
-1.83318e-09
-1.75182e-09
-1.70902e-09
-1.81952e-09
-1.58285e-09
-1.62702e-09
-1.74193e-09
-1.38211e-09
-1.36582e-09
-1.53192e-09
-1.29429e-09
-1.48024e-09
-2.05012e-09
-1.89874e-09
-1.48911e-09
-1.33511e-09
-1.13216e-09
-6.92393e-10
-7.47884e-10
-1.13875e-09
-1.46391e-09
-1.60509e-09
-1.68387e-09
-1.97213e-09
-2.14469e-09
-1.85267e-09
-1.38673e-09
-1.04179e-09
-8.30775e-10
-6.72574e-10
-1.07643e-09
-1.54217e-09
-1.65517e-09
-1.78108e-09
-1.69239e-09
-1.68453e-09
-1.85325e-09
-1.65451e-09
-1.75786e-09
-1.93256e-09
-1.60184e-09
-1.56347e-09
-1.60058e-09
-1.21917e-09
-1.43538e-09
-2.03695e-09
-1.9778e-09
-1.64566e-09
-1.45477e-09
-1.17955e-09
-6.60099e-10
-8.42801e-10
-1.36626e-09
-1.30815e-09
-1.47644e-09
-1.62806e-09
-1.94465e-09
-2.15719e-09
-1.86726e-09
-1.47794e-09
-1.22329e-09
-9.58581e-10
-7.95743e-10
-1.08851e-09
-1.52903e-09
-1.64817e-09
-1.69021e-09
-1.61201e-09
-1.642e-09
-1.85553e-09
-1.7092e-09
-1.88507e-09
-2.12594e-09
-1.83376e-09
-1.73396e-09
-1.63189e-09
-1.14938e-09
-1.37451e-09
-1.99839e-09
-2.06002e-09
-1.81584e-09
-1.58615e-09
-1.2454e-09
-6.55848e-10
-9.58962e-10
-1.59678e-09
-1.15465e-09
-1.34833e-09
-1.56482e-09
-1.90633e-09
-2.15054e-09
-1.87135e-09
-1.56411e-09
-1.386e-09
-1.08322e-09
-9.26134e-10
-1.13983e-09
-1.55383e-09
-1.64044e-09
-1.59599e-09
-1.54199e-09
-1.5976e-09
-1.84579e-09
-1.7561e-09
-1.99904e-09
-2.29375e-09
-2.05372e-09
-1.88828e-09
-1.64193e-09
-1.11473e-09
-1.34317e-09
-1.96006e-09
-2.14338e-09
-1.98062e-09
-1.71654e-09
-1.3318e-09
-7.04707e-10
-1.0942e-09
-1.78909e-09
-9.98067e-10
-1.23123e-09
-1.48494e-09
-1.83664e-09
-2.12767e-09
-1.8591e-09
-1.6176e-09
-1.49343e-09
-1.18079e-09
-1.05697e-09
-1.22385e-09
-1.59196e-09
-1.62455e-09
-1.51776e-09
-1.4953e-09
-1.55942e-09
-1.8166e-09
-1.78321e-09
-2.08779e-09
-2.40806e-09
-2.22988e-09
-2.02899e-09
-1.65604e-09
-1.14259e-09
-1.37703e-09
-1.93882e-09
-2.22071e-09
-2.11471e-09
-1.82275e-09
-1.42199e-09
-8.03061e-10
-1.24179e-09
-1.91813e-09
-8.45103e-10
-1.14098e-09
-1.42437e-09
-1.77204e-09
-2.09815e-09
-1.82519e-09
-1.63267e-09
-1.53676e-09
-1.2477e-09
-1.18881e-09
-1.31493e-09
-1.60517e-09
-1.58616e-09
-1.44857e-09
-1.45826e-09
-1.51561e-09
-1.76161e-09
-1.79164e-09
-2.14404e-09
-2.45543e-09
-2.34007e-09
-2.14856e-09
-1.69377e-09
-1.22251e-09
-1.45421e-09
-1.92058e-09
-2.27537e-09
-2.20409e-09
-1.89077e-09
-1.52189e-09
-9.37605e-10
-1.39093e-09
-2.01305e-09
-7.31391e-10
-1.09111e-09
-1.40419e-09
-1.74373e-09
-2.05997e-09
-1.77087e-09
-1.62807e-09
-1.53922e-09
-1.30332e-09
-1.32237e-09
-1.39782e-09
-1.59138e-09
-1.53051e-09
-1.38071e-09
-1.42317e-09
-1.45696e-09
-1.68771e-09
-1.79719e-09
-2.1612e-09
-2.44141e-09
-2.38391e-09
-2.23123e-09
-1.74825e-09
-1.33581e-09
-1.53653e-09
-1.85694e-09
-2.27555e-09
-2.24975e-09
-1.92911e-09
-1.64967e-09
-1.08567e-09
-1.51812e-09
-2.11166e-09
-6.8137e-10
-1.08282e-09
-1.41316e-09
-1.75013e-09
-2.0205e-09
-1.7196e-09
-1.62492e-09
-1.52399e-09
-1.36572e-09
-1.4564e-09
-1.46685e-09
-1.57822e-09
-1.50442e-09
-1.33945e-09
-1.4e-09
-1.38042e-09
-1.59179e-09
-1.80135e-09
-2.13681e-09
-2.3833e-09
-2.37757e-09
-2.26502e-09
-1.79286e-09
-1.46485e-09
-1.61511e-09
-1.75042e-09
-2.22781e-09
-2.27368e-09
-1.96638e-09
-1.7956e-09
-1.22993e-09
-1.59864e-09
-2.17872e-09
-6.89259e-10
-1.10816e-09
-1.43515e-09
-1.77471e-09
-1.99141e-09
-1.70145e-09
-1.64446e-09
-1.50759e-09
-1.44545e-09
-1.59506e-09
-1.52083e-09
-1.58575e-09
-1.53982e-09
-1.34321e-09
-1.39117e-09
-1.28296e-09
-1.47345e-09
-1.79989e-09
-2.08143e-09
-2.30274e-09
-2.35259e-09
-2.26823e-09
-1.82898e-09
-1.59627e-09
-1.68871e-09
-1.64584e-09
-2.16836e-09
-2.305e-09
-2.02839e-09
-1.94309e-09
-1.38297e-09
-1.6475e-09
-2.17931e-09
-7.46291e-10
-1.15946e-09
-1.45903e-09
-1.79199e-09
-1.96314e-09
-1.71924e-09
-1.69126e-09
-1.50163e-09
-1.53074e-09
-1.72999e-09
-1.56918e-09
-1.60609e-09
-1.61536e-09
-1.37962e-09
-1.38363e-09
-1.16916e-09
-1.35026e-09
-1.79828e-09
-2.00892e-09
-2.21048e-09
-2.3325e-09
-2.2719e-09
-1.88453e-09
-1.72691e-09
-1.74367e-09
-1.55778e-09
-2.11285e-09
-2.35159e-09
-2.11459e-09
-2.08471e-09
-1.54963e-09
-1.69526e-09
-2.14334e-09
-8.32858e-10
-1.21921e-09
-1.47947e-09
-1.79744e-09
-1.93704e-09
-1.76334e-09
-1.75362e-09
-1.50859e-09
-1.58504e-09
-1.82699e-09
-1.62303e-09
-1.6327e-09
-1.69583e-09
-1.42592e-09
-1.37106e-09
-1.06193e-09
-1.24961e-09
-1.80585e-09
-1.9322e-09
-2.11257e-09
-2.31484e-09
-2.27905e-09
-1.9571e-09
-1.84436e-09
-1.77591e-09
-1.48134e-09
-2.05802e-09
-2.40191e-09
-2.20686e-09
-2.21191e-09
-1.70982e-09
-1.74448e-09
-2.10338e-09
-9.16293e-10
-1.2642e-09
-1.49744e-09
-1.81595e-09
-1.94247e-09
-1.83735e-09
-1.82863e-09
-1.53429e-09
-1.60126e-09
-1.86946e-09
-1.68262e-09
-1.67019e-09
-1.76693e-09
-1.4691e-09
-1.35924e-09
-9.96158e-10
-1.19545e-09
-1.8256e-09
-1.86968e-09
-2.02253e-09
-2.29144e-09
-2.27577e-09
-2.02416e-09
-1.94431e-09
-1.81054e-09
-1.42896e-09
-2.00433e-09
-2.44216e-09
-2.29167e-09
-2.32251e-09
-1.85113e-09
-1.79192e-09
-2.07066e-09
-9.78684e-10
-1.2872e-09
-1.51396e-09
-1.8571e-09
-1.98801e-09
-1.93645e-09
-1.91262e-09
-1.58206e-09
-1.60778e-09
-1.87249e-09
-1.73683e-09
-1.71614e-09
-1.82941e-09
-1.50689e-09
-1.34834e-09
-9.80879e-10
-1.19178e-09
-1.85718e-09
-1.83559e-09
-1.94997e-09
-2.25938e-09
-2.26104e-09
-2.07437e-09
-2.02336e-09
-1.86344e-09
-1.41262e-09
-1.95754e-09
-2.4658e-09
-2.35933e-09
-2.41543e-09
-1.97031e-09
-1.83733e-09
-2.04779e-09
-1.01257e-09
-1.29162e-09
-1.52644e-09
-1.90532e-09
-2.05059e-09
-2.03793e-09
-1.99478e-09
-1.64282e-09
-1.62514e-09
-1.86002e-09
-1.77793e-09
-1.76315e-09
-1.87869e-09
-1.53146e-09
-1.33643e-09
-9.93952e-10
-1.21694e-09
-1.89665e-09
-1.82827e-09
-1.89907e-09
-2.22395e-09
-2.24123e-09
-2.10056e-09
-2.06813e-09
-1.91387e-09
-1.41415e-09
-1.91797e-09
-2.47333e-09
-2.40089e-09
-2.48372e-09
-2.06266e-09
-1.87998e-09
-2.04226e-09
-1.0197e-09
-1.28585e-09
-1.53871e-09
-1.94908e-09
-2.10632e-09
-2.12186e-09
-2.06976e-09
-1.70588e-09
-1.65299e-09
-1.8524e-09
-1.81005e-09
-1.80382e-09
-1.90905e-09
-1.5376e-09
-1.3242e-09
-1.01109e-09
-1.24467e-09
-1.93305e-09
-1.8339e-09
-1.86942e-09
-2.19503e-09
-2.21882e-09
-2.10642e-09
-2.08517e-09
-1.94413e-09
-1.41436e-09
-1.88569e-09
-2.46967e-09
-2.41914e-09
-2.52767e-09
-2.12545e-09
-1.91981e-09
-2.0604e-09
-1.01415e-09
-1.28001e-09
-1.55253e-09
-1.98346e-09
-2.14437e-09
-2.17974e-09
-2.13147e-09
-1.75864e-09
-1.68052e-09
-1.85676e-09
-1.83741e-09
-1.83377e-09
-1.92508e-09
-1.53344e-09
-1.31356e-09
-1.02112e-09
-1.26273e-09
-1.95835e-09
-1.8417e-09
-1.85552e-09
-2.17794e-09
-2.20101e-09
-2.10756e-09
-2.09458e-09
-1.95945e-09
-1.4129e-09
-1.86592e-09
-2.46567e-09
-2.42684e-09
-2.55423e-09
-2.16218e-09
-1.95052e-09
-2.08673e-09
-1.01021e-09
-1.27796e-09
-1.55914e-09
-1.99767e-09
-2.15868e-09
-2.20177e-09
-2.15755e-09
-1.78037e-09
-1.69271e-09
-1.86172e-09
-1.84987e-09
-1.8458e-09
-1.93066e-09
-1.53043e-09
-1.30917e-09
-1.02408e-09
-1.26896e-09
-1.96792e-09
-1.8455e-09
-1.85169e-09
-2.17257e-09
-2.1948e-09
-2.10898e-09
-2.0995e-09
-1.96484e-09
-1.4123e-09
-1.85995e-09
-2.46528e-09
-2.42972e-09
-2.56396e-09
-2.17495e-09
-1.96244e-09
-2.09862e-09
)
