
150
(
0.000378515
0.000547472
0.000528965
0.000520853
0.000516626
0.000513432
0.000510521
0.000507633
0.000504657
0.00050154
0.000498253
0.000494776
0.000491095
0.000487197
0.000483072
0.000478706
0.000474088
0.000469206
0.000464047
0.000458597
0.000452843
0.000446769
0.000440361
0.000433603
0.00042648
0.000418976
0.000411076
0.000402765
0.000394029
0.000384856
0.000375234
0.000365158
0.000354622
0.000343629
0.000332187
0.000320313
0.000308035
0.000295394
0.000282451
0.000269284
0.000256
0.000242732
0.000229651
0.000216966
0.000204928
0.00019384
0.000184049
0.000175958
0.000170026
0.000166768
0.000378515
0.000547472
0.000528965
0.000520853
0.000516626
0.000513432
0.000510521
0.000507633
0.000504657
0.00050154
0.000498253
0.000494776
0.000491095
0.000487197
0.000483072
0.000478706
0.000474088
0.000469206
0.000464047
0.000458597
0.000452843
0.000446769
0.000440361
0.000433603
0.00042648
0.000418976
0.000411076
0.000402765
0.000394029
0.000384856
0.000375234
0.000365158
0.000354622
0.000343629
0.000332187
0.000320313
0.000308035
0.000295394
0.000282451
0.000269284
0.000256
0.000242732
0.000229651
0.000216966
0.000204928
0.00019384
0.000184049
0.000175958
0.000170026
0.000166768
0.000378515
0.000547472
0.000528965
0.000520853
0.000516626
0.000513432
0.000510521
0.000507633
0.000504657
0.00050154
0.000498253
0.000494776
0.000491095
0.000487197
0.000483072
0.000478706
0.000474088
0.000469206
0.000464047
0.000458597
0.000452843
0.000446769
0.000440361
0.000433603
0.00042648
0.000418976
0.000411076
0.000402765
0.000394029
0.000384856
0.000375234
0.000365158
0.000354622
0.000343629
0.000332187
0.000320313
0.000308035
0.000295394
0.000282451
0.000269284
0.000256
0.000242732
0.000229651
0.000216966
0.000204928
0.00019384
0.000184049
0.000175958
0.000170026
0.000166768
)
