
150
(
5.8782e-06
1.77469e-05
3.14833e-05
4.66956e-05
6.30775e-05
8.05108e-05
9.89536e-05
0.000118398
0.00013885
0.000160328
0.00018285
0.000206438
0.000231116
0.000256905
0.000283825
0.000311896
0.000341134
0.000371551
0.000403157
0.000435957
0.000469952
0.000505135
0.000541496
0.000579016
0.000617672
0.00065743
0.000698251
0.000740086
0.000782878
0.000826561
0.000871063
0.000916301
0.000962185
0.00100862
0.0010555
0.00110272
0.00115015
0.00119769
0.00124521
0.00129255
0.00133957
0.00138605
0.00143173
0.00147623
0.00151901
0.00155925
0.00159574
0.00162683
0.00165031
0.00166349
5.8782e-06
1.77469e-05
3.14833e-05
4.66956e-05
6.30775e-05
8.05108e-05
9.89536e-05
0.000118398
0.00013885
0.000160328
0.00018285
0.000206438
0.000231116
0.000256905
0.000283825
0.000311896
0.000341134
0.000371551
0.000403157
0.000435957
0.000469952
0.000505135
0.000541496
0.000579016
0.000617672
0.00065743
0.000698251
0.000740086
0.000782878
0.000826561
0.000871063
0.000916301
0.000962185
0.00100862
0.0010555
0.00110272
0.00115015
0.00119769
0.00124521
0.00129255
0.00133957
0.00138605
0.00143173
0.00147623
0.00151901
0.00155925
0.00159574
0.00162683
0.00165031
0.00166349
5.8782e-06
1.77469e-05
3.14833e-05
4.66956e-05
6.30775e-05
8.05108e-05
9.89536e-05
0.000118398
0.00013885
0.000160328
0.00018285
0.000206438
0.000231116
0.000256905
0.000283825
0.000311896
0.000341134
0.000371551
0.000403157
0.000435957
0.000469952
0.000505135
0.000541496
0.000579016
0.000617672
0.00065743
0.000698251
0.000740086
0.000782878
0.000826561
0.000871063
0.000916301
0.000962185
0.00100862
0.0010555
0.00110272
0.00115015
0.00119769
0.00124521
0.00129255
0.00133957
0.00138605
0.00143173
0.00147623
0.00151901
0.00155925
0.00159574
0.00162683
0.00165031
0.00166349
)
