
150
(
153.23
56.7484
30.3535
19.8611
14.4141
11.1266
8.94342
7.39537
6.24436
5.35734
4.65442
4.08481
3.61475
3.22093
2.88673
2.60004
2.35176
2.13499
1.94435
1.77562
1.62543
1.49103
1.37022
1.26115
1.16228
1.07235
0.990259
0.91509
0.846053
0.782469
0.723751
0.669391
0.61895
0.572046
0.528348
0.487574
0.449484
0.413879
0.380603
0.349537
0.320604
0.293773
0.269057
0.246518
0.226274
0.2085
0.193434
0.181392
0.17278
0.168125
153.23
56.7484
30.3535
19.8611
14.4141
11.1266
8.94342
7.39537
6.24436
5.35734
4.65442
4.08481
3.61475
3.22093
2.88673
2.60004
2.35176
2.13499
1.94435
1.77562
1.62543
1.49103
1.37022
1.26115
1.16228
1.07235
0.990259
0.91509
0.846053
0.782469
0.723751
0.669391
0.61895
0.572046
0.528348
0.487574
0.449484
0.413879
0.380603
0.349537
0.320604
0.293773
0.269057
0.246518
0.226274
0.2085
0.193434
0.181392
0.17278
0.168125
153.23
56.7484
30.3535
19.8611
14.4141
11.1266
8.94342
7.39537
6.24436
5.35734
4.65442
4.08481
3.61475
3.22093
2.88673
2.60004
2.35176
2.13499
1.94435
1.77562
1.62543
1.49103
1.37022
1.26115
1.16228
1.07235
0.990259
0.91509
0.846053
0.782469
0.723751
0.669391
0.61895
0.572046
0.528348
0.487574
0.449484
0.413879
0.380603
0.349537
0.320604
0.293773
0.269057
0.246518
0.226274
0.2085
0.193434
0.181392
0.17278
0.168125
)
