
150
(
(0.133384 0 0)
(0.178503 0 0)
(0.199041 0 0)
(0.212607 0 0)
(0.222831 0 0)
(0.231081 0 0)
(0.238045 0 0)
(0.244113 0 0)
(0.249524 0 0)
(0.254435 0 0)
(0.258953 0 0)
(0.263155 0 0)
(0.267099 0 0)
(0.270828 0 0)
(0.274377 0 0)
(0.277771 0 0)
(0.281032 0 0)
(0.284178 0 0)
(0.287224 0 0)
(0.29018 0 0)
(0.293057 0 0)
(0.295863 0 0)
(0.298606 0 0)
(0.30129 0 0)
(0.303922 0 0)
(0.306504 0 0)
(0.30904 0 0)
(0.311532 0 0)
(0.313983 0 0)
(0.316393 0 0)
(0.318762 0 0)
(0.321092 0 0)
(0.32338 0 0)
(0.325625 0 0)
(0.327825 0 0)
(0.329977 0 0)
(0.332075 0 0)
(0.334116 0 0)
(0.336093 0 0)
(0.337998 0 0)
(0.339821 0 0)
(0.341554 0 0)
(0.343181 0 0)
(0.344691 0 0)
(0.346064 0 0)
(0.347283 0 0)
(0.348324 0 0)
(0.349161 0 0)
(0.349761 0 0)
(0.350087 0 0)
(0.133384 0 0)
(0.178503 0 0)
(0.199041 0 0)
(0.212607 0 0)
(0.222831 0 0)
(0.231081 0 0)
(0.238045 0 0)
(0.244113 0 0)
(0.249524 0 0)
(0.254435 0 0)
(0.258953 0 0)
(0.263155 0 0)
(0.267099 0 0)
(0.270828 0 0)
(0.274377 0 0)
(0.277771 0 0)
(0.281032 0 0)
(0.284178 0 0)
(0.287224 0 0)
(0.29018 0 0)
(0.293057 0 0)
(0.295863 0 0)
(0.298606 0 0)
(0.30129 0 0)
(0.303922 0 0)
(0.306504 0 0)
(0.30904 0 0)
(0.311532 0 0)
(0.313983 0 0)
(0.316393 0 0)
(0.318762 0 0)
(0.321092 0 0)
(0.32338 0 0)
(0.325625 0 0)
(0.327825 0 0)
(0.329977 0 0)
(0.332075 0 0)
(0.334116 0 0)
(0.336093 0 0)
(0.337998 0 0)
(0.339821 0 0)
(0.341554 0 0)
(0.343181 0 0)
(0.344691 0 0)
(0.346064 0 0)
(0.347283 0 0)
(0.348324 0 0)
(0.349161 0 0)
(0.349761 0 0)
(0.350087 0 0)
(0.133384 0 0)
(0.178503 0 0)
(0.199041 0 0)
(0.212607 0 0)
(0.222831 0 0)
(0.231081 0 0)
(0.238045 0 0)
(0.244113 0 0)
(0.249524 0 0)
(0.254435 0 0)
(0.258953 0 0)
(0.263155 0 0)
(0.267099 0 0)
(0.270828 0 0)
(0.274377 0 0)
(0.277771 0 0)
(0.281032 0 0)
(0.284178 0 0)
(0.287224 0 0)
(0.29018 0 0)
(0.293057 0 0)
(0.295863 0 0)
(0.298606 0 0)
(0.30129 0 0)
(0.303922 0 0)
(0.306504 0 0)
(0.30904 0 0)
(0.311532 0 0)
(0.313983 0 0)
(0.316393 0 0)
(0.318762 0 0)
(0.321092 0 0)
(0.32338 0 0)
(0.325625 0 0)
(0.327825 0 0)
(0.329977 0 0)
(0.332075 0 0)
(0.334116 0 0)
(0.336093 0 0)
(0.337998 0 0)
(0.339821 0 0)
(0.341554 0 0)
(0.343181 0 0)
(0.344691 0 0)
(0.346064 0 0)
(0.347283 0 0)
(0.348324 0 0)
(0.349161 0 0)
(0.349761 0 0)
(0.350087 0 0)
)
