
150
(
(-1.61 0 0.000840147)
(-1.61 0 0.00257341)
(-1.61 0 0.00441594)
(-1.61 0 0.00637464)
(-1.61 0 0.00845682)
(-1.61 0 0.0106703)
(-1.61 0 0.0130233)
(-1.61 0 0.0155246)
(-1.61 0 0.0181837)
(-1.61 0 0.0210104)
(-1.61 0 0.0240152)
(-1.61 0 0.0272096)
(-1.61 0 0.0306053)
(-1.61 0 0.0342151)
(-1.61 0 0.0380525)
(-1.61 0 0.0421318)
(-1.61 0 0.0464683)
(-1.61 0 0.0510782)
(-1.61 0 0.0559787)
(-1.61 0 0.0611882)
(-1.61 0 0.0667261)
(-1.61 0 0.0726131)
(-1.61 0 0.0788713)
(-1.61 0 0.085524)
(-1.61 0 0.0925962)
(-1.61 0 0.100114)
(-1.61 0 0.108106)
(-1.61 0 0.116602)
(-1.61 0 0.125633)
(-1.61 0 0.135234)
(-1.61 0 0.14544)
(-1.61 0 0.15629)
(-1.61 0 0.167824)
(-1.61 0 0.180084)
(-1.61 0 0.193118)
(-1.61 0 0.206974)
(-1.61 0 0.221702)
(-1.61 0 0.23736)
(-1.61 0 0.254005)
(-1.61 0 0.271699)
(-1.61 0 0.290508)
(-1.61 0 0.310504)
(-1.61 0 0.331759)
(-1.61 0 0.354356)
(-1.61 0 0.378376)
(-1.61 0 0.403911)
(-1.61 0 0.431056)
(-1.61 0 0.459912)
(-1.61 0 0.490588)
(-1.61 0 0.523197)
(-1.61 1 0.000840147)
(-1.61 1 0.00257341)
(-1.61 1 0.00441594)
(-1.61 1 0.00637464)
(-1.61 1 0.00845682)
(-1.61 1 0.0106703)
(-1.61 1 0.0130233)
(-1.61 1 0.0155246)
(-1.61 1 0.0181837)
(-1.61 1 0.0210104)
(-1.61 1 0.0240152)
(-1.61 1 0.0272096)
(-1.61 1 0.0306053)
(-1.61 1 0.0342151)
(-1.61 1 0.0380525)
(-1.61 1 0.0421318)
(-1.61 1 0.0464683)
(-1.61 1 0.0510782)
(-1.61 1 0.0559787)
(-1.61 1 0.0611882)
(-1.61 1 0.0667261)
(-1.61 1 0.0726131)
(-1.61 1 0.0788713)
(-1.61 1 0.085524)
(-1.61 1 0.0925962)
(-1.61 1 0.100114)
(-1.61 1 0.108106)
(-1.61 1 0.116602)
(-1.61 1 0.125633)
(-1.61 1 0.135234)
(-1.61 1 0.14544)
(-1.61 1 0.15629)
(-1.61 1 0.167824)
(-1.61 1 0.180084)
(-1.61 1 0.193118)
(-1.61 1 0.206974)
(-1.61 1 0.221702)
(-1.61 1 0.23736)
(-1.61 1 0.254005)
(-1.61 1 0.271699)
(-1.61 1 0.290508)
(-1.61 1 0.310504)
(-1.61 1 0.331759)
(-1.61 1 0.354356)
(-1.61 1 0.378376)
(-1.61 1 0.403911)
(-1.61 1 0.431056)
(-1.61 1 0.459912)
(-1.61 1 0.490588)
(-1.61 1 0.523197)
(-1.61 -1 0.000840147)
(-1.61 -1 0.00257341)
(-1.61 -1 0.00441594)
(-1.61 -1 0.00637464)
(-1.61 -1 0.00845682)
(-1.61 -1 0.0106703)
(-1.61 -1 0.0130233)
(-1.61 -1 0.0155246)
(-1.61 -1 0.0181837)
(-1.61 -1 0.0210104)
(-1.61 -1 0.0240152)
(-1.61 -1 0.0272096)
(-1.61 -1 0.0306053)
(-1.61 -1 0.0342151)
(-1.61 -1 0.0380525)
(-1.61 -1 0.0421318)
(-1.61 -1 0.0464683)
(-1.61 -1 0.0510782)
(-1.61 -1 0.0559787)
(-1.61 -1 0.0611882)
(-1.61 -1 0.0667261)
(-1.61 -1 0.0726131)
(-1.61 -1 0.0788713)
(-1.61 -1 0.085524)
(-1.61 -1 0.0925962)
(-1.61 -1 0.100114)
(-1.61 -1 0.108106)
(-1.61 -1 0.116602)
(-1.61 -1 0.125633)
(-1.61 -1 0.135234)
(-1.61 -1 0.14544)
(-1.61 -1 0.15629)
(-1.61 -1 0.167824)
(-1.61 -1 0.180084)
(-1.61 -1 0.193118)
(-1.61 -1 0.206974)
(-1.61 -1 0.221702)
(-1.61 -1 0.23736)
(-1.61 -1 0.254005)
(-1.61 -1 0.271699)
(-1.61 -1 0.290508)
(-1.61 -1 0.310504)
(-1.61 -1 0.331759)
(-1.61 -1 0.354356)
(-1.61 -1 0.378376)
(-1.61 -1 0.403911)
(-1.61 -1 0.431056)
(-1.61 -1 0.459912)
(-1.61 -1 0.490588)
(-1.61 -1 0.523197)
)
