
60
(
6.01635e-06
2.73479e-05
5.00508e-05
7.58435e-05
0.000105867
0.000140121
0.000178739
0.000221859
0.000269569
0.000321852
0.000378552
0.000439334
0.000503657
0.000570768
0.000639712
0.000709357
0.000778332
0.000844544
0.000903368
0.000943395
6.01635e-06
2.73479e-05
5.00508e-05
7.58435e-05
0.000105867
0.000140121
0.000178739
0.000221859
0.000269569
0.000321852
0.000378552
0.000439334
0.000503657
0.000570768
0.000639712
0.000709357
0.000778332
0.000844544
0.000903368
0.000943395
6.01635e-06
2.73479e-05
5.00508e-05
7.58435e-05
0.000105867
0.000140121
0.000178739
0.000221859
0.000269569
0.000321852
0.000378552
0.000439334
0.000503657
0.000570768
0.000639712
0.000709357
0.000778332
0.000844544
0.000903368
0.000943395
)
