
75
(
(0.0201794 0 0)
(0.0668245 0 0)
(0.0917634 0 0)
(0.109014 0 0)
(0.122509 0 0)
(0.133814 0 0)
(0.143712 0 0)
(0.152643 0 0)
(0.160881 0 0)
(0.1686 0 0)
(0.175924 0 0)
(0.182936 0 0)
(0.189698 0 0)
(0.196252 0 0)
(0.202624 0 0)
(0.208829 0 0)
(0.214868 0 0)
(0.220727 0 0)
(0.226374 0 0)
(0.231755 0 0)
(0.236785 0 0)
(0.241342 0 0)
(0.245251 0 0)
(0.248268 0 0)
(0.250045 0 0)
(0.0201794 0 0)
(0.0668245 0 0)
(0.0917634 0 0)
(0.109014 0 0)
(0.122509 0 0)
(0.133814 0 0)
(0.143712 0 0)
(0.152643 0 0)
(0.160881 0 0)
(0.1686 0 0)
(0.175924 0 0)
(0.182936 0 0)
(0.189698 0 0)
(0.196252 0 0)
(0.202624 0 0)
(0.208829 0 0)
(0.214868 0 0)
(0.220727 0 0)
(0.226374 0 0)
(0.231755 0 0)
(0.236785 0 0)
(0.241342 0 0)
(0.245251 0 0)
(0.248268 0 0)
(0.250045 0 0)
(0.0201794 0 0)
(0.0668245 0 0)
(0.0917634 0 0)
(0.109014 0 0)
(0.122509 0 0)
(0.133814 0 0)
(0.143712 0 0)
(0.152643 0 0)
(0.160881 0 0)
(0.1686 0 0)
(0.175924 0 0)
(0.182936 0 0)
(0.189698 0 0)
(0.196252 0 0)
(0.202624 0 0)
(0.208829 0 0)
(0.214868 0 0)
(0.220727 0 0)
(0.226374 0 0)
(0.231755 0 0)
(0.236785 0 0)
(0.241342 0 0)
(0.245251 0 0)
(0.248268 0 0)
(0.250045 0 0)
)
