/*--------------------------------*- C++ -*----------------------------------*\
| =========                 |                                                 |
| \\      /  F ield         | OpenFOAM: The Open Source CFD Toolbox           |
|  \\    /   O peration     | Version:  5.x                                   |
|   \\  /    A nd           | Web:      www.OpenFOAM.org                      |
|    \\/     M anipulation  |                                                 |
\*---------------------------------------------------------------------------*/
FoamFile
{
    version     2.0;
    format      ascii;
    class       labelList;
    note        "nPoints:27678  nCells:6772  nFaces:34155  nInternalFaces:20021";
    location    "constant/plane_dual/polyMesh";
    object      neighbour;
}
// * * * * * * * * * * * * * * * * * * * * * * * * * * * * * * * * * * * * * //


20021
(
1
2
4
3005
2
3
152
3
4
5
11
5
6
150
152
10
11
3001
3005
6
7
9
11
7
8
149
150
8
9
14
43
14
15
145
149
11
12
42
43
11
12
13
3000
3001
12
13
29
42
28
29
2990
3000
15
16
18
43
16
17
144
145
17
18
19
25
19
20
142
144
24
25
41
43
20
21
23
25
21
22
141
142
22
23
44
136
44
45
140
141
25
26
134
136
25
26
27
34
41
26
27
134
135
34
35
129
135
29
30
32
2989
2990
30
31
42
31
32
33
38
33
34
41
42
37
38
2982
2989
34
35
36
38
35
41
36
129
130
38
39
128
130
38
39
40
2981
2982
39
40
77
128
76
77
2942
2981
42
43
43
45
46
48
136
46
47
140
47
48
49
53
49
52
53
132
136
50
51
53
51
75
53
54
74
75
53
54
55
131
132
54
55
61
74
60
61
124
131
57
73
75
58
59
66
73
59
544
66
67
541
544
61
62
64
123
124
62
63
74
63
64
65
70
65
66
73
74
69
70
119
123
66
67
68
70
67
73
68
541
542
70
71
539
542
70
71
72
96
119
71
72
539
540
96
97
517
540
74
75
75
77
78
80
2941
2942
78
79
128
79
80
81
87
81
82
126
128
86
87
2935
2941
82
83
85
87
83
84
125
126
84
85
90
118
90
91
121
125
87
88
117
118
87
88
89
2934
2935
88
89
104
117
103
104
2919
2934
91
92
94
118
92
93
120
121
93
94
95
100
95
96
119
120
99
100
116
118
96
97
98
100
97
119
98
517
518
100
101
515
518
100
101
102
109
116
101
102
515
516
109
110
508
516
104
105
107
2918
2919
105
106
117
106
107
108
113
108
109
116
117
112
113
2911
2918
109
110
111
113
110
116
111
508
509
113
114
507
509
113
114
115
2910
2911
114
115
161
507
160
161
2353
2910
117
118
118
120
123
121
122
123
122
125
139
123
124
138
139
124
131
138
126
127
139
127
128
130
129
130
137
139
130
130
135
137
132
133
138
133
134
136
134
135
137
138
135
136
137
138
139
139
141
142
143
143
144
147
147
145
146
147
146
149
159
147
148
158
159
148
158
150
151
159
151
152
154
153
154
157
159
154
154
156
157
156
157
158
157
158
159
159
161
162
164
2352
2353
162
163
507
163
164
165
171
165
166
505
507
170
171
2346
2352
166
167
169
171
167
168
504
505
168
169
174
203
174
175
498
504
171
172
202
203
171
172
173
2345
2346
172
173
189
202
188
189
2331
2345
175
176
178
203
176
177
497
498
177
178
179
185
179
180
495
497
184
185
201
203
180
181
183
185
181
182
494
495
182
183
204
308
204
205
472
494
185
186
306
308
185
186
187
194
201
186
187
306
307
194
195
301
307
189
190
192
2330
2331
190
191
202
191
192
193
198
193
194
201
202
197
198
2323
2330
194
195
196
198
195
201
196
301
302
198
199
300
302
198
199
200
2322
2323
199
200
249
300
248
249
2272
2322
202
203
203
205
206
208
308
206
207
471
472
207
208
209
215
209
210
469
471
214
215
304
308
210
211
213
215
211
212
468
469
212
213
218
247
218
219
462
468
215
216
246
247
215
216
217
303
304
216
217
233
246
232
233
296
303
219
220
222
247
220
221
461
462
221
222
223
229
223
224
459
461
228
229
245
247
224
225
227
229
225
226
458
459
226
227
312
416
312
313
446
458
229
230
414
416
229
230
231
238
245
230
231
414
415
238
239
409
415
233
234
236
295
296
234
235
246
235
236
237
242
237
238
245
246
241
242
291
295
238
239
240
242
239
245
240
409
410
242
243
407
410
242
243
244
268
291
243
244
407
408
268
269
388
408
246
247
247
249
250
252
2271
2272
250
251
300
251
252
253
259
253
254
298
300
258
259
2265
2271
254
255
257
259
255
256
297
298
256
257
262
290
262
263
293
297
259
260
289
290
259
260
261
2264
2265
260
261
276
289
275
276
2249
2264
263
264
266
290
264
265
292
293
265
266
267
272
267
268
291
292
271
272
288
290
268
269
270
272
269
291
270
388
389
272
273
386
389
272
273
274
281
288
273
274
386
387
281
282
379
387
276
277
279
2248
2249
277
278
289
278
279
280
285
280
281
288
289
284
285
2241
2248
281
282
283
285
282
288
283
379
380
285
286
378
380
285
286
287
2240
2241
286
287
340
378
339
340
1818
2240
289
290
290
292
295
293
294
295
294
297
311
295
296
310
311
296
303
310
298
299
311
299
300
302
301
302
309
311
302
302
307
309
304
305
310
305
306
308
306
307
309
310
307
308
309
310
311
311
313
314
316
416
314
315
445
446
315
316
317
323
317
318
443
445
322
323
412
416
318
319
321
323
319
320
442
443
320
321
326
338
326
327
438
442
323
324
337
338
323
324
325
411
412
324
325
332
337
331
332
401
411
327
328
330
338
328
329
437
438
329
330
435
437
336
338
332
333
335
400
401
333
334
337
334
335
336
337
393
400
337
338
338
340
341
343
1817
1818
341
342
378
342
343
344
350
344
345
376
378
349
350
1811
1817
345
346
348
350
346
347
375
376
347
348
353
365
353
354
369
375
350
351
364
365
350
351
352
1810
1811
351
352
359
364
358
359
1796
1810
354
355
357
365
355
356
368
369
356
357
366
368
363
365
359
360
362
1795
1796
360
361
364
361
362
363
364
1788
1795
364
365
365
367
368
372
371
372
430
369
370
372
370
375
392
372
373
391
392
372
373
374
429
430
373
374
382
391
381
382
425
429
376
377
392
377
378
380
379
380
390
392
380
380
387
390
382
383
385
424
425
383
384
391
384
385
386
389
386
387
390
391
388
389
420
424
387
389
390
389
408
420
391
392
392
394
395
400
395
396
427
396
397
399
400
397
398
426
427
398
399
402
419
402
403
422
426
400
401
418
419
401
411
418
403
404
406
419
404
405
421
422
405
406
407
410
407
408
420
421
409
410
417
419
408
410
420
410
415
417
412
413
418
413
414
416
414
415
417
418
415
416
417
418
419
419
421
424
422
423
424
423
426
434
424
425
433
434
425
429
433
427
428
434
428
432
434
430
431
433
431
432
433
433
434
434
436
437
440
440
438
439
440
439
442
457
440
441
456
457
441
456
443
444
457
444
445
449
448
449
455
457
446
447
449
447
458
585
449
450
583
585
449
450
451
453
455
450
451
583
584
453
454
579
584
453
455
456
454
455
579
456
457
457
459
460
585
460
461
465
464
465
581
585
462
463
465
463
468
493
465
466
492
493
465
466
467
580
581
466
467
479
492
478
479
577
580
469
470
493
470
471
475
474
475
491
493
472
473
475
473
494
565
475
476
563
565
475
476
477
484
491
476
477
563
564
484
485
558
564
479
480
482
576
577
480
481
492
481
482
483
488
483
484
491
492
487
488
571
576
484
485
486
488
485
491
486
558
559
488
489
557
559
488
489
490
570
571
489
490
523
557
522
523
569
570
492
493
493
495
496
565
496
497
501
500
501
561
565
498
499
501
499
504
521
501
502
520
521
501
502
503
560
561
502
503
511
520
510
511
553
560
505
506
521
506
507
509
508
509
519
521
509
509
516
519
511
512
514
552
553
512
513
520
513
514
515
518
515
516
519
520
517
518
548
552
516
518
519
518
540
548
520
521
521
523
524
526
569
524
525
557
525
526
527
532
527
528
555
557
532
528
529
531
532
529
530
554
555
530
531
534
547
534
535
550
554
532
533
546
547
533
546
535
536
538
547
536
537
549
550
537
538
539
542
539
540
548
549
541
542
545
547
540
542
548
542
544
545
544
545
546
545
546
547
547
549
552
550
551
552
551
554
568
552
553
567
568
553
560
567
555
556
568
556
557
559
558
559
566
568
559
559
564
566
561
562
567
562
563
565
563
564
566
567
564
565
566
567
568
568
570
571
572
572
573
576
573
574
575
576
575
588
576
577
587
588
577
580
587
579
586
588
584
586
581
582
587
582
583
585
583
584
586
587
584
585
586
587
588
588
590
591
593
846
591
592
2823
592
593
594
600
594
595
2821
2823
599
600
842
846
595
596
598
600
596
597
2820
2821
597
598
603
635
603
604
2814
2820
600
601
634
635
600
601
602
841
842
601
602
621
634
620
621
833
841
604
605
607
635
605
606
2813
2814
606
607
616
619
608
609
619
2811
2813
615
616
633
635
609
612
614
619
612
2809
2811
4440
611
612
613
614
812
5969
612
638
813
4440
5969
614
4440
614
616
617
619
808
811
812
619
616
617
618
626
633
617
619
618
808
809
626
627
803
809
621
622
624
832
833
622
623
634
623
624
625
630
625
626
633
634
629
630
825
832
626
627
628
630
627
633
628
803
804
630
631
802
804
630
631
632
824
825
631
632
755
802
754
755
823
824
634
635
635
637
638
644
810
5969
6054
638
641
645
4560
6054
813
4560
5969
640
641
643
668
6042
6054
641
648
669
4561
6042
645
4561
6054
643
644
660
806
814
6043
644
668
6043
6054
810
814
6054
2703
2707
4560
4561
647
648
654
667
6042
6045
648
656
6045
6046
6053
669
6042
6051
6052
6053
650
651
653
746
5974
6045
651
5974
5979
5980
6049
6045
6047
6049
653
654
662
743
5972
6044
654
746
5972
6045
667
6044
6045
656
657
2696
2697
6055
6058
657
6046
6053
6055
6046
6047
6048
6058
659
660
664
665
805
806
660
663
665
666
6043
806
6043
662
663
664
665
742
5982
663
743
5982
6044
665
666
6044
665
715
716
742
798
805
667
668
6043
6044
668
6042
6044
6042
6043
2723
2724
4561
6052
671
672
744
745
6067
6084
672
6030
6031
6040
6067
5976
5977
6040
6084
674
675
708
709
6065
6081
675
5994
5995
6037
6081
6027
6028
6037
6065
677
678
696
738
5971
6011
678
5998
5999
6011
6034
5971
6032
6034
680
681
2665
2666
6059
6064
681
6029
6030
6041
6059
6027
6029
6036
6064
683
684
706
707
6076
6083
684
6016
6017
6025
6076
5991
5992
6025
6083
686
687
1653
1654
6074
6298
687
5351
5352
6022
6298
6013
6014
6022
6074
689
690
1647
1648
6078
6295
690
5355
5356
6019
6295
6000
6001
6019
6078
692
693
2654
2655
6068
6073
693
6015
6016
6026
6068
6013
6015
6021
6073
695
696
702
734
5983
6004
696
704
6004
6005
6012
738
5983
6010
6011
6012
698
699
701
1646
5362
6004
699
5362
5366
5367
6008
6004
6006
6008
701
702
725
1630
5324
5985
702
1646
5324
6004
734
5985
6004
704
705
713
714
6077
6080
705
6005
6012
6077
6005
6006
6007
6080
707
5989
5990
6002
6083
6000
6002
6018
6076
709
5997
5998
6035
6065
5986
5987
5997
6081
711
712
2683
2684
6062
6070
712
5993
5994
6038
6062
5991
5993
6024
6070
714
5988
5989
6003
6080
5986
5988
5996
6077
716
717
720
797
798
717
719
740
742
718
719
720
721
723
731
719
723
736
741
5984
740
741
730
731
793
797
722
723
727
728
731
723
726
728
729
5984
5984
725
726
727
728
1629
5385
726
1630
5385
5985
728
729
5985
728
731
732
1623
1628
1629
734
737
5984
5985
731
732
733
774
793
732
733
1623
1624
774
775
1586
1624
737
5983
5985
736
737
738
753
5970
5983
737
741
5970
5984
5983
5984
753
5971
5983
740
741
743
752
5970
5982
741
742
5982
5970
5982
752
5972
5982
745
751
5975
5981
6084
5981
6032
6033
6067
750
751
5972
5973
5974
5975
748
749
2795
2796
6056
6061
749
5978
5979
6050
6056
5976
5978
6039
6061
751
752
753
5971
5972
5971
5975
5981
753
5970
5972
5970
5971
755
756
758
822
823
756
757
802
757
758
759
765
759
760
800
802
764
765
819
822
760
761
763
765
761
762
799
800
762
763
768
792
768
769
795
799
765
766
791
792
765
766
767
818
819
766
767
782
791
781
782
818
769
770
772
792
770
771
794
795
771
772
773
778
773
774
793
794
777
778
790
792
774
775
776
778
775
793
776
1586
1587
778
779
1584
1587
778
779
780
786
790
779
780
1584
1585
786
787
1577
1585
782
783
783
784
791
784
785
789
785
786
790
791
786
787
788
789
787
790
788
1577
1578
789
1576
1578
791
792
792
794
797
795
796
797
796
799
817
797
798
816
817
798
805
816
800
801
817
801
802
804
803
804
815
817
804
804
809
815
806
807
816
807
808
811
814
808
809
815
816
809
811
815
811
812
814
5969
812
814
5969
2702
2810
4440
4560
816
817
817
819
820
822
821
822
822
823
852
853
823
824
852
825
826
852
826
827
832
827
828
851
852
828
829
831
832
829
830
850
851
830
831
834
849
834
835
850
832
833
848
849
833
841
848
835
836
837
849
836
837
838
840
839
840
847
849
840
840
845
847
842
843
848
843
844
846
844
845
847
848
845
846
847
848
849
849
851
852
853
853
855
856
1651
1652
6093
6300
856
5958
5959
5967
6093
5348
5349
5967
6300
858
859
891
892
6091
6109
859
5919
5920
5964
6109
5955
5956
5964
6091
861
862
1638
1639
6102
6294
862
5923
5924
5961
6102
5357
5358
5961
6294
864
865
1999
2000
6085
6090
865
5957
5958
5968
6085
5955
5957
5963
6090
867
868
889
890
6099
6111
868
5946
5947
5953
6099
5916
5917
5953
6111
870
871
1001
1002
6097
6170
871
5767
5951
6170
5943
5944
5951
6097
873
874
995
996
6103
6167
874
5770
5771
5949
6167
5925
5926
5949
6103
876
5945
5946
5954
6094
5943
5945
878
879
1633
1634
6108
6290
879
5932
5933
5941
6108
5374
5375
5941
6290
881
882
993
994
6106
6161
882
5783
5784
5938
6161
5929
5930
5938
6106
884
885
1611
1612
6135
6286
885
5787
5788
5935
6135
5381
5382
5935
6286
887
888
896
897
6100
6105
888
5931
5932
5942
6100
5929
5931
5937
6105
890
5914
5915
5927
6111
5925
5927
5948
6099
892
5922
5923
5962
6091
5911
5912
5922
6109
894
895
2003
2004
6088
6096
895
5918
5919
5965
6088
5916
5918
5952
6096
897
5913
5914
5928
6105
5911
5913
5921
6100
899
900
999
1000
6114
6172
900
5907
6114
5766
6172
902
903
932
933
6112
6130
903
5871
6130
5906
6112
905
906
986
987
6123
6166
906
5874
5875
5909
6123
5772
5773
5909
6166
908
909
930
931
6120
6132
909
5897
5898
5905
6120
5869
5870
5905
6132
911
912
1311
1312
6118
6259
912
5494
5495
5903
6259
5894
5895
5903
6118
914
915
1304
1305
6124
6256
915
5498
5499
5900
6256
5876
5877
5900
6124
917
5896
5897
5894
5896
5902
6117
919
920
981
982
6129
6160
920
5883
5884
5892
6129
5797
5798
5892
6160
922
923
1302
1303
6127
6250
923
5511
5512
5889
6250
5880
5881
5889
6127
925
926
1276
1277
6145
6247
926
5515
5516
5886
6247
5804
5805
5886
6145
928
929
934
935
6121
6126
929
5882
5883
5893
6121
5880
5882
5888
6126
931
5867
5868
5878
6132
5876
5878
5899
6120
933
5873
5874
5910
6112
5864
5865
5873
6130
935
5866
5867
5879
6126
5864
5866
5872
6121
937
938
1606
1607
6141
6283
938
5852
5853
5862
6141
5392
5393
5862
6283
940
941
974
975
6139
6155
941
5816
5817
5859
6155
5849
5850
5859
6139
943
944
962
1595
5387
5833
944
5820
5821
5833
5856
5387
5854
5856
946
947
997
998
6133
6138
947
5851
5852
5863
6133
5849
5851
5858
6138
949
950
972
973
6150
6157
950
5838
5839
5847
6150
5813
5814
5847
6157
952
953
1274
1275
6148
6229
953
5561
5562
5844
6229
5835
5836
5844
6148
955
956
1268
1269
6152
6226
956
5565
5566
5841
6226
5822
5823
5841
6152
958
959
988
989
6142
6147
959
5837
5838
5848
6142
5835
5837
5843
6147
961
962
968
1591
5398
5826
962
970
5826
5827
5834
1595
5398
5832
5833
5834
964
965
967
1267
5571
5826
965
5571
5575
5576
5830
5826
5828
5830
967
968
1136
1553
5307
5577
968
1267
5577
5826
1591
5307
5826
970
971
979
980
6151
6154
971
5827
5834
6151
5827
5828
5829
6154
973
5811
5812
5824
6157
5822
5824
5840
6150
975
5819
5820
5857
6139
5808
5809
5819
6155
977
978
1010
1011
6136
6144
978
5815
5816
5860
6136
5813
5815
5846
6144
980
5810
5811
5825
6154
5808
5810
5818
6151
982
5795
5796
5806
6160
5804
5806
5885
6129
984
985
1008
1009
6158
6173
985
5751
5752
5802
6173
5792
5793
5802
6158
987
5755
5756
5799
6166
5797
5799
5891
6123
989
5794
5795
5807
6147
5792
5794
5801
6142
991
992
1006
1007
6163
6175
992
5779
5780
5790
6163
5748
5749
5790
6175
994
5786
5787
5936
6106
5776
5777
5786
6161
996
5782
5783
5939
6103
5757
5758
5782
6167
998
5778
5779
5791
6138
5776
5778
5785
6133
1000
5764
5765
5774
6172
5772
5774
5908
6114
1002
5769
5770
5950
6097
5761
5762
5769
6170
1004
1005
1012
1013
6164
6169
1005
5763
5764
5775
6164
5761
5763
5768
6169
1007
5746
5747
5759
6175
5757
5759
5781
6163
1009
5754
5755
5800
6158
5743
5744
5754
6173
1011
5750
5751
5803
6144
5748
5750
5789
6136
1013
5745
5746
5760
6169
5743
5745
5753
6164
1015
1016
1309
1310
6184
6261
1016
5732
5733
5741
6184
5491
5492
5741
6261
1018
1019
1052
1053
6182
6203
1019
5691
5692
5738
6203
5729
5730
5738
6182
1021
1022
1294
1295
6196
6255
1022
5695
5696
5735
6196
5500
5501
5735
6255
1024
1025
1888
1889
6176
6181
1025
5731
5732
5742
6176
5729
5731
5737
6181
1027
1028
1050
1051
6193
6205
1028
5718
5719
5727
6193
5688
5689
5727
6205
1030
1031
1124
1125
6191
6210
1031
5655
5656
5724
6210
5715
5716
5724
6191
1033
1034
1120
1121
6197
6209
1034
5659
5660
5721
6209
5697
5698
5721
6197
1036
1037
1877
1878
6185
6190
1037
5717
5718
5728
6185
5715
5717
5723
6190
1039
1040
1289
1290
6202
6243
1040
5704
5705
5713
6202
5525
5526
5713
6243
1042
1043
1118
1119
6200
6208
1043
5665
5666
5710
6208
5701
5702
5710
6200
1045
1046
1246
1247
6207
6237
1046
5670
5671
5707
6207
5532
5533
5707
6237
1048
1049
1057
1058
6194
6199
1049
5703
5704
5714
6194
5701
5703
5709
6199
1051
5686
5687
5699
6205
5697
5699
5720
6193
1053
5694
5695
5736
6182
5683
5684
5694
6203
1055
1056
1906
1907
6179
6187
1056
5690
5691
5739
6179
5688
5690
5726
6187
1058
5685
5686
5700
6199
5683
5685
5693
6194
1060
1061
1067
1123
5652
5653
5681
1061
1064
1068
5301
5681
5682
1128
5653
5654
5682
1063
1064
1066
1083
5679
5681
1064
1071
1084
5304
5679
1068
5304
5681
1066
1067
1078
1114
5648
5680
1067
1083
5680
5681
1123
5648
5681
1845
1853
5300
5301
5304
1070
1071
1072
1075
1082
5679
1071
1072
1074
5306
1084
5306
5679
1073
1074
1075
1363
1467
1074
1363
1364
1766
1837
2552
1837
1840
5306
1079
1080
1082
1465
1467
1077
1078
1079
1081
1110
5673
1078
1079
1080
5680
1114
5673
5680
1080
1081
1465
1466
1082
1083
5680
1098
1099
1110
1460
1466
1083
5679
5679
5680
1839
1846
5304
5306
1086
1087
1093
1242
5599
5600
5677
1087
1090
1094
5668
5677
5678
1247
5600
5601
5678
1089
1090
1092
1108
5675
5677
1090
1097
1109
5672
5675
1094
5672
5677
1092
1093
1103
1231
5595
5676
1093
1108
5676
5677
1242
5595
5677
1116
1122
5667
5668
5672
1096
1097
1098
1100
1107
5675
1097
1098
1099
5674
1109
5674
5675
1099
1100
1460
1461
1110
1113
5674
1104
1105
1107
1458
1461
1102
1103
1104
1106
1227
5616
1103
1104
1105
5676
1231
5616
5676
1105
1106
1458
1459
1107
1108
5676
1181
1182
1227
1439
1459
1108
5675
5675
5676
1112
1117
5672
5674
1113
5673
1112
1113
1114
1133
5647
5673
1113
1117
5647
5674
5673
5674
1133
5648
5673
1116
1117
1131
1132
5647
5662
5663
1117
1122
5661
5662
5672
5647
5672
1119
5669
5670
5708
6200
1122
5661
5669
6208
1121
5664
5665
5711
6197
1132
5649
5664
6209
5661
5667
5669
1129
1130
5648
5651
5652
1125
5658
5659
5722
6191
1130
5651
5658
6210
1127
1128
1977
1978
6188
6206
1128
5654
5655
5725
6188
5654
5682
6206
1130
1131
1133
5648
5650
5657
5651
5657
5658
1132
1133
5647
5649
5650
5649
5663
5664
5647
5648
1135
1136
1142
1550
5399
5646
1136
1139
1143
5577
5646
1553
5399
5577
1138
1139
1141
1166
5634
5646
1139
1146
1167
5578
5634
1143
5578
5646
1141
1142
1158
1544
1554
5635
1142
1166
5635
5646
1550
1554
5646
1267
1270
5577
5578
1145
1146
1152
1165
5634
5637
1146
1154
5637
5638
5645
1167
5634
5643
5644
5645
1148
1149
1151
1220
5622
5637
1149
5622
5625
5626
5641
5637
5639
5641
1151
1152
1160
1218
5620
5636
1152
1220
5620
5637
1165
5636
5637
1154
1155
1262
1263
6211
6214
1155
5638
5645
6211
5638
5639
5640
6214
1157
1158
1162
1163
1543
1544
1158
1161
1163
1164
5635
1544
5635
1160
1161
1162
1163
1217
5627
1161
1218
5627
5636
1163
1164
5636
1163
1193
1194
1217
1528
1543
1165
1166
5635
5636
1166
5634
5636
5634
5635
1285
1286
5578
5644
1169
1170
1176
1219
5621
5623
5632
1170
1173
1177
5612
5632
5633
1223
5623
5624
5633
1172
1173
1175
1191
5630
5632
1173
1180
1192
5615
5630
1177
5615
5632
1175
1176
1186
1213
5619
5631
1176
1191
5631
5632
1219
5619
5632
1233
1241
5611
5612
5615
1179
1180
1181
1183
1190
5630
1180
1181
1182
5617
1192
5617
5630
1182
1183
1439
1440
1227
1230
5617
1187
1188
1190
1437
1440
1185
1186
1187
1189
1209
5628
1186
1187
1188
5631
1213
5628
5631
1188
1189
1437
1438
1190
1191
5631
1202
1203
1209
1430
1438
1191
5630
5630
5631
1229
1234
5615
5617
1194
1195
1198
1527
1528
1195
1197
1215
1217
1196
1197
1198
1199
1201
1206
1197
1201
1211
1216
5629
1215
1216
1205
1206
1520
1527
1200
1201
1202
1204
1206
1201
1202
1203
5629
5629
1203
1204
1430
1431
1209
1212
5629
1206
1207
1429
1431
1206
1207
1208
1519
1520
1207
1208
1391
1429
1390
1391
1513
1519
1212
5628
1211
1212
1213
1226
5618
5628
1212
1216
5618
5629
5628
5629
1226
5619
5628
1215
1216
1218
1225
5618
5627
1216
1217
5627
5618
5627
1225
5620
5627
1220
1224
5619
5621
1224
5620
5621
5622
1222
1223
1350
1351
6212
6215
1223
5624
5625
5642
6212
5624
5633
6215
1225
1226
5619
5620
1226
5618
5620
5618
5619
1230
5616
1229
1230
1231
1252
5594
5616
1230
1234
5594
5617
5616
5617
1252
5595
5616
1233
1234
1250
1251
5594
5607
5608
1234
1241
5606
5607
5615
5594
5615
1236
1237
1348
1349
6216
6277
1237
5426
5427
5613
6277
1241
5606
5613
6216
1239
1240
1342
1343
6217
6274
1240
5430
5431
5609
6274
1251
5596
5609
6217
5606
5611
5613
1248
1249
5595
5598
5599
1244
1245
1340
1341
6218
6268
1245
5443
5444
5604
6268
1249
5598
5604
6218
1247
5447
5448
5601
6237
5601
5678
6207
1249
1250
1252
5595
5597
5603
5598
5603
5604
1251
1252
5594
5596
5597
5596
5608
5609
5594
5595
1254
1255
1346
1347
6221
6279
1255
5583
5584
5592
6221
5423
5424
5592
6279
1257
1258
1283
1284
6219
6232
1258
5544
5545
5589
6232
5580
5581
5589
6219
1260
1261
1333
1334
6225
6273
1261
5548
5549
5586
6225
5432
5433
5586
6273
1263
5582
5583
5593
6214
5580
5582
5588
6211
1265
1266
1281
1282
6222
6234
1266
1270
5572
5579
6222
5541
5542
5579
6234
1270
5570
5571
5572
5577
1269
5574
5575
5831
6152
5550
5551
5574
6226
5572
5578
5579
1272
1273
1328
1329
6231
6267
1273
5557
5558
5568
6231
5457
5458
5568
6267
1275
5564
5565
5842
6148
5554
5555
5564
6229
1277
5560
5561
5845
6145
5464
5465
5560
6247
1279
1280
1287
1288
6223
6228
1280
5556
5557
5569
6223
5554
5556
5563
6228
1282
5539
5540
5552
6234
5550
5552
5573
6222
1284
5547
5548
5587
6219
5536
5537
5547
6232
1286
5543
5544
5590
5644
5541
5543
5578
1288
5538
5539
5553
6228
5536
5538
5546
6223
1290
5523
5524
5534
6243
5532
5534
5706
6202
1292
1293
1321
1322
6241
6262
1293
5476
5477
5530
6262
5520
5521
5530
6241
1295
5480
5481
5527
6255
5525
5527
5712
6196
1297
1298
1344
1345
6235
6240
1298
5522
5523
5535
6235
5520
5522
5529
6240
1300
1301
1319
1320
6252
6264
1301
5507
5508
5518
6252
5473
5474
5518
6264
1303
5514
5515
5887
6127
5504
5505
5514
6250
1305
5510
5511
5890
6124
5482
5483
5510
6256
1307
1308
1335
1336
6244
6249
1308
5506
5507
5519
6244
5504
5506
5513
6249
1310
5489
5490
5502
6261
5500
5502
5734
6184
1312
5497
5498
5901
6118
5486
5487
5497
6259
1314
1315
2217
2218
6115
6178
1315
5493
5494
5904
6115
5491
5493
5740
6178
1317
1318
1326
1327
6253
6258
1318
5488
5489
5503
6253
5486
5488
5496
6258
1320
5471
5472
5484
6264
5482
5484
5509
6252
1322
5479
5480
5528
6241
5468
5469
5479
6262
1324
1325
1359
1360
6238
6246
1325
5475
5476
5531
6238
5473
5475
5517
6246
1327
5470
5471
5485
6258
5468
5470
5478
6253
1329
5455
5456
5466
6267
5464
5466
5559
6231
1331
1332
1357
1358
6265
6280
1332
5408
5409
5462
6280
5452
5453
5462
6265
1334
5412
5413
5459
6273
5457
5459
5567
6225
1336
5454
5455
5467
6249
5452
5454
5461
6244
1338
1339
1355
1356
6270
6282
1339
5439
5440
5450
6270
5405
5406
5450
6282
1341
5446
5447
5602
6218
5436
5437
5446
6268
1343
5442
5443
5605
6217
5414
5415
5442
6274
1345
5438
5439
5451
6240
5436
5438
5445
6235
1347
5421
5422
5434
6279
5432
5434
5585
6221
1349
5429
5430
5610
6216
5418
5419
5429
6277
1351
5425
5426
5614
6215
5423
5425
5591
6212
1353
1354
1361
1362
6271
6276
1354
5420
5421
5435
6271
5418
5420
5428
6276
1356
5403
5404
5416
6282
5414
5416
5441
6270
1358
5411
5412
5460
6265
5400
5401
5411
6280
1360
5407
5408
5463
6246
5405
5407
5449
6238
1362
5402
5403
5417
6276
5400
5402
5410
6271
1364
1365
1367
1467
1365
1366
1765
1766
1366
1367
1368
1374
1368
1369
1763
1765
1373
1374
1463
1467
1369
1370
1372
1374
1370
1371
1762
1763
1371
1372
1377
1389
1377
1378
1756
1762
1374
1375
1388
1389
1374
1375
1376
1462
1463
1375
1376
1383
1388
1382
1383
1452
1462
1378
1379
1381
1389
1379
1380
1755
1756
1380
1381
1753
1755
1387
1389
1383
1384
1386
1451
1452
1384
1385
1388
1385
1386
1387
1388
1444
1451
1388
1389
1389
1391
1392
1394
1512
1513
1392
1393
1429
1393
1394
1395
1401
1395
1396
1427
1429
1400
1401
1506
1512
1396
1397
1399
1401
1397
1398
1426
1427
1398
1399
1404
1416
1404
1405
1420
1426
1401
1402
1415
1416
1401
1402
1403
1505
1506
1402
1403
1410
1415
1409
1410
1494
1505
1405
1406
1408
1416
1406
1407
1419
1420
1407
1408
1417
1419
1414
1416
1410
1411
1413
1493
1494
1411
1412
1415
1412
1413
1414
1415
1486
1493
1415
1416
1416
1418
1419
1423
1422
1423
1481
1420
1421
1423
1421
1426
1443
1423
1424
1442
1443
1423
1424
1425
1480
1481
1424
1425
1433
1442
1432
1433
1476
1480
1427
1428
1443
1428
1429
1431
1430
1431
1441
1443
1431
1431
1438
1441
1433
1434
1436
1475
1476
1434
1435
1442
1435
1436
1437
1440
1437
1438
1441
1442
1439
1440
1471
1475
1438
1440
1441
1440
1459
1471
1442
1443
1443
1445
1446
1451
1446
1447
1478
1447
1448
1450
1451
1448
1449
1477
1478
1449
1450
1453
1470
1453
1454
1473
1477
1451
1452
1469
1470
1452
1462
1469
1454
1455
1457
1470
1455
1456
1472
1473
1456
1457
1458
1461
1458
1459
1471
1472
1460
1461
1468
1470
1459
1461
1471
1461
1466
1468
1463
1464
1469
1464
1465
1467
1465
1466
1468
1469
1466
1467
1468
1469
1470
1470
1472
1475
1473
1474
1475
1474
1477
1485
1475
1476
1484
1485
1476
1480
1484
1478
1479
1485
1479
1483
1485
1481
1482
1484
1482
1483
1484
1484
1485
1485
1487
1488
1493
1488
1489
1518
1489
1490
1492
1493
1490
1491
1517
1518
1491
1492
1495
1516
1495
1496
1517
1493
1494
1515
1516
1494
1505
1515
1496
1497
1498
1516
1497
1498
1499
1502
1501
1502
1514
1516
1500
1502
1502
1503
1743
1745
1502
1503
1504
1509
1514
1503
1504
1743
1744
1509
1510
1737
1744
1506
1507
1515
1507
1508
1512
1508
1509
1514
1515
1509
1510
1511
1512
1510
1514
1511
1737
1738
1512
1513
1736
1738
1513
1519
1736
1515
1516
1516
1518
1520
1521
1736
1521
1522
1527
1522
1523
1734
1736
1523
1524
1526
1527
1524
1525
1733
1734
1525
1526
1529
1557
1529
1530
1727
1733
1527
1528
1556
1557
1528
1543
1556
1530
1531
1533
1557
1531
1532
1726
1727
1532
1533
1534
1540
1534
1535
1724
1726
1539
1540
1555
1557
1535
1536
1538
1540
1536
1537
1723
1724
1537
1538
1558
1713
1558
1559
1720
1723
1540
1541
1711
1713
1540
1541
1542
1547
1555
1541
1542
1711
1712
1547
1548
1706
1712
1544
1545
1556
1545
1546
1551
1554
1546
1547
1555
1556
1547
1548
1549
1551
1548
1555
1549
1706
1707
1551
1552
1700
1703
1705
1707
1551
1552
1554
5399
1552
1554
1703
5399
1703
1704
5307
5399
1556
1557
1557
1559
1560
1562
1713
1560
1561
1719
1720
1561
1562
1563
1569
1563
1564
1718
1719
1568
1569
1709
1713
1564
1565
1567
1569
1565
1566
1717
1718
1566
1567
1572
1590
1572
1573
1717
1569
1570
1589
1590
1569
1570
1571
1708
1709
1570
1571
1580
1589
1579
1580
1695
1708
1573
1574
1575
1590
1574
1575
1576
1578
1577
1578
1588
1590
1578
1578
1585
1588
1580
1581
1583
1694
1695
1581
1582
1589
1582
1583
1584
1587
1584
1585
1588
1589
1586
1587
1690
1694
1585
1587
1588
1587
1624
1690
1589
1590
1590
1594
1596
5307
5398
1593
1594
1595
1616
5386
5398
1594
1599
1617
5308
5386
1596
5308
5398
1616
5387
5398
1701
1704
5307
5308
1598
1599
1605
1615
5386
5397
1599
1601
1602
1698
5397
1617
1698
5386
1601
1602
1618
1619
1684
1686
1692
1696
1602
1696
1697
1698
1684
5397
1604
1605
1609
1680
5311
5388
1605
1684
1685
5311
5397
1615
5388
5397
1607
1614
5391
5396
6283
5396
5854
5855
6141
1609
1610
1678
1679
5312
5390
1610
1680
5312
5388
1613
1614
5388
5389
5390
5391
1612
5317
5318
5394
6286
5392
5394
5861
6135
1614
1615
1616
5387
5388
5387
5391
5396
1616
5386
5388
5386
5387
1697
1698
1702
5308
1619
1620
1622
1683
1686
1620
1621
1691
1692
1621
1622
1623
1628
1631
1632
1623
1624
1690
1691
1631
1683
5310
1624
1628
1690
1626
1627
1630
1670
5322
5385
1627
1628
1629
1632
5385
1631
1632
1674
5322
1629
1632
5385
1670
5324
5385
1632
1674
5310
1634
5372
5373
5383
6290
5381
5383
5934
6108
1636
1637
1663
1664
6288
6301
1637
5333
5334
5379
6301
5369
5370
5379
6288
1639
5337
5338
5376
6294
5374
5376
5940
6102
1641
1642
1681
1682
6284
6287
1642
5371
5372
5384
6284
5369
5371
5378
6287
1644
1645
1661
1662
6291
6303
1645
1650
5363
5368
6291
5330
5331
5368
6303
1649
1650
5324
5361
5362
5363
1648
5365
5366
6009
6078
5339
5340
5365
6295
1650
1670
1673
5323
5324
5323
5363
5368
1652
5346
5347
5359
6300
5357
5359
5960
6093
1654
5354
5355
6020
6074
5343
5344
5354
6298
1656
1657
3443
3444
6071
6087
1657
5350
5351
6023
6071
5348
5350
5966
6087
1659
1660
1668
1669
6292
6297
1660
5345
5346
5360
6292
5343
5345
5353
6297
1662
5328
5329
5341
6303
5339
5341
5364
6291
1664
5336
5337
5377
6288
5325
5326
5336
6301
1666
1667
1672
1677
5320
5323
1667
5320
5332
5333
5380
5323
5330
5332
1669
5327
5328
5342
6297
5325
5327
5335
6292
1673
5322
5324
1672
1673
1674
1689
5309
5322
1673
1677
5309
5323
5322
5323
1689
5310
5322
1676
1677
1680
1688
5309
5312
1677
1681
5312
5313
5321
5309
5319
5320
5321
1679
5316
5317
5390
5395
5312
5314
5316
1688
5311
5312
1682
5313
5321
6287
5313
5314
5315
6284
1685
1686
1687
5310
1685
1686
5397
1686
1687
5311
1688
1689
5310
5311
1689
5309
5311
5309
5310
1691
1694
1692
1693
1694
1693
1696
1716
1694
1695
1715
1716
1695
1708
1715
1697
1699
1716
1698
1699
1700
1702
1707
1706
1707
1714
1716
1701
1702
1705
1707
1702
1704
1705
5308
5308
1704
1705
5399
1705
5307
1707
1712
1714
1709
1710
1715
1710
1711
1713
1711
1712
1714
1715
1712
1713
1714
1715
1716
1716
1718
1719
1722
1720
1721
1722
1721
1723
1752
1722
1751
1752
1724
1725
1752
1725
1726
1730
1729
1730
1750
1752
1727
1728
1730
1728
1733
1748
1730
1731
1747
1748
1730
1731
1732
1749
1750
1731
1732
1740
1747
1739
1740
1749
1734
1735
1748
1735
1736
1738
1737
1738
1746
1748
1738
1738
1744
1746
1740
1741
1741
1742
1747
1742
1743
1745
1743
1744
1746
1747
1744
1745
1746
1747
1748
1748
1750
1751
1752
1752
1754
1755
1759
1758
1759
1832
1756
1757
1759
1757
1762
1787
1759
1760
1786
1787
1759
1760
1761
1831
1832
1760
1761
1773
1786
1772
1773
1827
1831
1763
1764
1787
1764
1765
1769
1768
1769
1785
1787
1766
1767
1769
1767
2552
2553
2554
1769
1770
2548
2554
2555
1769
1770
1771
1778
1785
1770
1771
2548
2549
2551
1778
1779
2534
2551
2558
1773
1774
1776
1826
1827
1774
1775
1786
1775
1776
1777
1782
1777
1778
1785
1786
1781
1782
1822
1826
1778
1779
1780
1782
1779
1785
1780
2534
2535
2537
1782
1783
2530
2537
2538
1782
1783
1784
1803
1822
1783
1784
2530
2531
2533
1803
1804
2478
2533
2579
1786
1787
1787
1789
1790
1795
1790
1791
1829
1791
1792
1794
1795
1792
1793
1828
1829
1793
1794
1797
1821
1797
1798
1824
1828
1795
1796
1820
1821
1796
1810
1820
1798
1799
1801
1821
1799
1800
1823
1824
1800
1801
1802
1807
1802
1803
1822
1823
1806
1807
1819
1821
1803
1804
1805
1807
1804
1822
1805
2476
2478
1807
1808
2474
2476
1807
1808
1809
1814
1819
1808
1809
2474
2475
1814
1815
2467
2475
1811
1812
1820
1812
1813
1817
1813
1814
1819
1820
1814
1815
1816
1817
1815
1819
1816
2467
2468
1817
1818
2466
2468
1818
2240
2466
1820
1821
1821
1823
1826
1824
1825
1826
1825
1828
1836
1826
1827
1835
1836
1827
1831
1835
1829
1830
1836
1830
1834
1836
1832
1833
1835
1833
1834
1835
1835
1836
1836
1840
2552
5305
1839
1840
1842
1867
5283
5305
1840
1846
5283
5306
5305
5306
1842
1843
1856
2546
4683
5284
1843
1867
5284
5305
2552
2553
4683
5305
1845
1846
1865
1866
5283
5296
5297
1846
1853
5295
5296
5304
5283
5304
1848
1849
1975
1976
6304
6367
1849
5121
5122
5302
6367
1853
5295
5302
6304
1851
1852
1969
1970
6305
6364
1852
5125
5126
5298
6364
1866
5285
5298
6305
5295
5300
5302
1855
1856
2541
2542
4684
5288
5289
1856
1863
1864
5284
5287
5288
2546
4684
5284
1858
1859
1967
1968
6306
6358
1859
5138
5139
5293
6358
1864
5287
5293
6306
1861
1862
2507
2508
6327
6497
1862
5142
5143
5290
6327
2542
4685
5290
6497
1864
1865
1867
5284
5286
5292
5287
5292
5293
1866
1867
5283
5285
5286
5285
5297
5298
5283
5284
1869
1870
1973
1974
6309
6369
1870
5272
5273
5281
6309
5118
5119
5281
6369
1872
1873
1904
1905
6307
6322
1873
5231
5232
5278
6322
5269
5270
5278
6307
1875
1876
1960
1961
6315
6363
1876
5235
5236
5275
6315
5127
5128
5275
6363
1878
5271
5272
5282
6190
5269
5271
5277
6185
1880
1881
1902
1903
6312
6324
1881
5258
5259
5267
6312
5228
5229
5267
6324
1883
1884
2215
2216
6310
6472
1884
4798
4799
5264
6472
5255
5256
5264
6310
1886
1887
2210
2211
6316
6470
1887
4802
4803
5261
6470
5237
5238
5261
6316
1889
5257
5258
5268
6181
5255
5257
5263
6176
1891
1892
1955
1956
6321
6357
1892
5244
5245
5253
6321
5152
5153
5253
6357
1894
1895
2208
2209
6319
6467
1895
4811
4812
5250
6467
5241
5242
5250
6319
1897
1898
2195
2196
6337
6464
1898
4815
4816
5247
6464
5159
5160
5247
6337
1900
1901
1908
1909
6313
6318
1901
5243
5244
5254
6313
5241
5243
5249
6318
1903
5226
5227
5239
6324
5237
5239
5260
6312
1905
5234
5235
5276
6307
5223
5224
5234
6322
1907
5230
5231
5279
6187
5228
5230
5266
6179
1909
5225
5226
5240
6318
5223
5225
5233
6313
1911
1912
2502
2503
6333
6495
1912
5212
5213
5221
6333
4710
4711
5221
6495
1914
1915
1948
1949
6331
6352
1915
5171
5172
5218
6352
5209
5210
5218
6331
1917
1918
2487
2488
6345
6489
1918
5175
5176
5215
6345
4717
4718
5215
6489
1920
1921
1971
1972
6325
6330
1921
5211
5212
5222
6325
5209
5211
5217
6330
1923
1924
1946
1947
6342
6354
1924
5198
5199
5207
6342
5168
5169
5207
6354
1926
1927
2193
2194
6340
6457
1927
4842
4843
5204
6457
5195
5196
5204
6340
1929
1930
2186
2187
6346
6454
1930
4846
4847
5201
6454
5177
5178
5201
6346
1932
1933
1962
1963
6334
6339
1933
5197
5198
5208
6334
5195
5197
5203
6339
1935
1936
2482
2483
6351
6486
1936
5184
5185
5193
6351
4728
4729
5193
6486
1938
1939
2184
2185
6349
6448
1939
4858
4859
5190
6448
5181
5182
5190
6349
1941
1942
2432
2433
6382
6483
1942
4862
4863
5187
6382
4733
4734
5187
6483
1944
1945
1953
1954
6343
6348
1945
5183
5184
5194
6343
5181
5183
5189
6348
1947
5166
5167
5179
6354
5177
5179
5200
6342
1949
5174
5175
5216
6331
5163
5164
5174
6352
1951
1952
1986
1987
6328
6336
1952
5170
5171
5219
6328
5168
5170
5206
6336
1954
5165
5166
5180
6348
5163
5165
5173
6343
1956
5150
5151
5161
6357
5159
5161
5246
6321
1958
1959
1984
1985
6355
6370
1959
5103
5104
5157
6370
5147
5148
5157
6355
1961
5107
5108
5154
6363
5152
5154
5252
6315
1963
5149
5150
5162
6339
5147
5149
5156
6334
1965
1966
1982
1983
6360
6372
1966
5134
5135
5145
6360
5100
5101
5145
6372
1968
5141
5142
5291
6306
5131
5132
5141
6358
1970
5137
5138
5294
6305
5109
5110
5137
6364
1972
5133
5134
5146
6330
5131
5133
5140
6325
1974
5116
5117
5129
6369
5127
5129
5274
6309
1976
5124
5125
5299
6304
5113
5114
5124
6367
1978
5120
5121
5303
6206
5118
5120
5280
6188
1980
1981
1988
1989
6361
6366
1981
5115
5116
5130
6361
5113
5115
5123
6366
1983
5098
5099
5111
6372
5109
5111
5136
6360
1985
5106
5107
5155
6355
5095
5096
5106
6370
1987
5102
5103
5158
6336
5100
5102
5144
6328
1989
5097
5098
5112
6366
5095
5097
5105
6361
1991
1992
2001
2002
6375
6379
1992
5081
5082
5090
6375
5068
5069
5090
6379
1994
1995
3441
3442
6373
6685
1995
4122
4123
5087
6685
5078
5079
5087
6373
1997
1998
3434
3435
6376
6682
1998
4126
4127
5084
6682
5073
5074
5084
6376
2000
5080
5081
5091
6090
5078
5080
5086
6085
2002
5075
6379
5073
5075
5083
6375
2004
5070
5071
5092
6096
5068
5070
5089
6088
2006
2007
3305
3306
6412
6653
2007
4185
4186
6653
4895
6412
2009
2010
2016
2428
4748
5059
2010
5056
5057
5059
5066
4748
5064
5066
2012
2013
2044
2045
6386
6397
2013
5027
5028
5062
6397
5053
5054
5062
6386
2015
2016
2034
2416
4746
5029
2016
2044
5029
5030
5060
2428
4746
5058
5059
5060
2018
2019
2188
2189
6380
6385
2019
5055
5056
5067
6380
5053
5055
5061
6385
2021
2022
2042
2043
6395
6399
2022
5042
5043
5051
6395
5024
5025
5051
6399
2024
2025
2146
2147
6393
6440
2025
4921
4922
5048
6440
5039
5040
5048
6393
2027
2028
2142
2143
6396
6437
2028
4925
4926
5045
6437
5031
5032
5045
6396
2030
2031
2179
2180
6387
6392
2031
5041
5042
5052
6387
5039
5041
5047
6392
2033
2034
2040
2412
4751
5035
2034
2037
2041
5029
5035
2416
4751
5029
2036
2037
2039
2141
4931
5035
2037
2142
4931
4932
5038
2041
5035
5036
5037
5038
2039
2040
2098
2394
4740
4933
2040
2141
4933
5035
2412
4740
5035
2049
2050
5029
5037
2043
5022
5023
5033
6399
5031
5033
5044
6395
2045
5030
5060
6386
5019
5020
5030
6397
2047
2048
2204
2205
6383
6389
2048
5026
5027
5063
6383
5024
5026
5050
6389
2050
5021
5022
5034
5037
5019
5021
5029
2052
2053
2144
2145
6408
6442
2053
5008
5009
5017
6408
4918
4919
5017
6442
2055
2056
2089
2090
6406
6427
2056
4967
4968
5014
6427
5005
5006
5014
6406
2058
2059
2134
2135
6420
6436
2059
4971
4972
5011
6420
4927
4928
5011
6436
2061
2062
2166
2167
6400
6405
2062
5007
5008
5018
6400
5005
5007
5013
6405
2064
2065
2087
2088
6417
6429
2065
4994
4995
5003
6417
4964
4965
5003
6429
2067
2068
3303
3304
6415
6600
2068
4339
4340
5000
6600
4991
4992
5000
6415
2070
2071
3295
3296
6421
6597
2071
4343
4344
4997
6597
4973
4974
4997
6421
2073
2074
2161
2162
6409
6414
2074
4993
4994
5004
6409
4991
4993
4999
6414
2076
2077
2129
2130
6426
6433
2077
4980
4981
4989
6426
4940
4941
4989
6433
2079
2080
3293
3294
6424
6591
2080
4355
4356
4986
6591
4977
4978
4986
6424
2082
2083
3272
3273
6430
6588
2083
4359
4360
4983
6588
4946
4947
4983
6430
2085
2086
2094
2095
6418
6423
2086
4979
4980
4990
6418
4977
4979
4985
6423
2088
4962
4963
4975
6429
4973
4975
4996
6417
2090
4970
4971
5012
6406
4959
4960
4970
6427
2092
2093
2168
2169
6403
6411
2093
4966
4967
5015
6403
4964
4966
5002
6411
2095
4961
4962
4976
6423
4959
4961
4969
6418
2097
2098
2104
2390
4755
4958
2098
2101
2105
4933
4958
2394
4755
4933
2100
2101
2103
2127
4950
4958
2101
2108
2128
4934
4950
2105
4934
4958
2103
2104
2118
2382
4753
4951
2104
2127
4951
4958
2390
4753
4958
2139
2141
4933
4934
2107
2108
2114
2126
4950
4954
2108
2111
2115
4944
4954
2128
4944
4950
2110
2111
2113
3271
4381
4954
2111
3272
4381
4382
4957
2115
4954
4955
4956
4957
2113
2114
2120
3266
4380
4952
2114
3271
4380
4954
2126
4952
4954
2136
2137
4944
4956
2117
2118
2124
2378
4756
4953
2118
2121
2125
4951
4953
2382
4756
4951
2120
2121
2123
3265
4383
4953
2121
3266
4383
4952
2125
4952
4953
2123
2124
2299
3126
3827
4757
2124
3265
3827
4953
2378
4757
4953
2126
2127
4951
4952
2127
4950
4952
4950
4951
2140
2158
4934
4944
2130
4938
4939
4948
6433
4946
4948
4982
6426
2132
2133
2156
2157
6431
6443
2133
2158
4904
4945
6443
4935
4936
4945
6431
2135
4907
4908
4942
6436
4940
4942
4988
6420
2137
4937
4938
4949
4956
4935
4937
4944
2139
2140
2154
2155
4903
4931
2140
2141
4931
4934
2158
4902
4903
4904
4934
4931
4933
2143
4932
5038
6396
4909
4910
4932
6437
2145
4916
4917
4929
6442
4927
4929
5010
6408
2147
4924
4925
5046
6393
4913
4914
4924
6440
2149
2150
2232
2233
6390
6402
2150
4920
4921
5049
6390
4918
4920
5016
6402
2152
2153
2159
2160
6434
6439
2153
4915
4916
4930
6434
4913
4915
4923
6439
2155
4900
4901
4903
4911
4909
4911
4931
2157
4906
4907
4943
6431
4897
4898
4906
6443
4904
4944
4945
2160
4899
4900
4912
6439
4897
4899
4905
6434
2162
4896
6414
4893
6409
2164
2165
2230
2231
6444
6480
2165
4771
4772
4888
6480
4882
4883
4888
6444
2167
4884
4885
4892
6405
4882
4884
4887
6400
2169
4894
6411
4881
4890
6403
2171
2172
2228
2229
6447
6482
2172
4870
4871
4879
6447
4768
4769
4879
6482
2174
2175
2202
2203
6445
6460
2175
4825
4826
4876
6460
4867
4868
4876
6445
2177
2178
2224
2225
6453
6479
2178
4829
4830
4873
6453
4773
4774
4873
6479
2180
4869
4870
4880
6392
4867
4869
4875
6387
2182
2183
2200
2201
6450
6462
2183
4854
4855
4865
6450
4822
4823
4865
6462
2185
4861
4862
5188
6349
4851
4852
4861
6448
2187
4857
4858
5191
6346
4831
4832
4857
6454
2189
4853
4854
4866
6385
4851
4853
4860
6380
2191
2192
2220
2221
6459
6476
2192
4838
4839
4849
6459
4782
4783
4849
6476
2194
4845
4846
5202
6340
4835
4836
4845
6457
2196
4841
4842
5205
6337
4787
4788
4841
6464
2198
2199
2206
2207
6451
6456
2199
4837
4838
4850
6451
4835
4837
4844
6456
2201
4820
4821
4833
6462
4831
4833
4856
6450
2203
4828
4829
4874
6445
4817
4818
4828
6460
2205
4824
4825
4877
6389
4822
4824
4864
6383
2207
4819
4820
4834
6456
4817
4819
4827
6451
2209
4814
4815
5248
6319
4804
4805
4814
6467
2211
4810
4811
5251
6316
4791
4792
4810
6470
2213
2214
2226
2227
6463
6466
2214
4806
4807
6463
4804
4806
4813
6466
2216
4801
4802
5262
6310
4793
4794
4801
6472
2218
4797
4798
5265
6178
4795
4797
5093
6115
4791
4809
6469
2221
4780
4781
4789
6476
4787
4789
4840
6459
2223
2237
2238
6474
4777
4778
6474
2225
4761
4762
4784
6479
4782
4784
4848
6453
2227
4779
4780
4790
6466
4777
4779
4786
6463
2229
4766
4767
4775
6482
4773
4775
4872
6447
2231
6444
4763
4764
6480
2233
4770
4771
4889
6402
4768
4770
4878
6390
2235
2236
2239
6477
2236
4765
4766
4776
6477
4763
4765
2238
4760
4761
4785
6474
4758
4760
4758
4759
6477
2241
2242
2466
2242
2243
2248
2243
2244
2464
2466
2244
2245
2247
2248
2245
2246
2463
2464
2246
2247
2250
2275
2250
2251
2457
2463
2248
2249
2274
2275
2249
2264
2274
2251
2252
2254
2275
2252
2253
2456
2457
2253
2254
2255
2261
2255
2256
2454
2456
2260
2261
2273
2275
2256
2257
2259
2261
2257
2258
2453
2454
2258
2259
2276
2374
2276
2277
2402
2453
2261
2262
2372
2374
2261
2262
2263
2268
2273
2262
2263
2372
2373
2268
2269
2367
2373
2265
2266
2274
2266
2267
2271
2267
2268
2273
2274
2268
2269
2270
2271
2269
2273
2270
2367
2368
2271
2272
2366
2368
2272
2322
2366
2274
2275
2275
2277
2278
2280
2374
2278
2279
2401
2402
2279
2280
2281
2287
2281
2282
2399
2401
2286
2287
2370
2374
2282
2283
2285
2287
2283
2284
2398
2399
2284
2285
2290
2321
2290
2291
2384
2398
2287
2288
2320
2321
2287
2288
2289
2369
2370
2288
2289
2307
2320
2306
2307
2362
2369
2291
2292
2294
2321
2292
2293
2383
2384
2388
2389
2293
2294
2295
2303
2295
2297
2380
2383
2302
2303
2319
2321
2296
2297
2298
2300
2301
2303
2297
2300
2378
2381
4757
2380
2381
2299
2300
2301
3124
3128
2300
3126
3128
4757
4757
2303
2304
3122
3124
2303
2304
2305
2312
2319
2304
2305
3122
3123
2312
2313
3115
3123
2307
2308
2310
2361
2362
2308
2309
2320
2309
2310
2311
2316
2311
2312
2319
2320
2315
2316
2357
2361
2312
2313
2314
2316
2313
2319
2314
3115
3116
2316
2317
3113
3116
2316
2317
2318
2338
2357
2317
2318
3113
3114
2338
2339
3089
3114
2320
2321
2321
2323
2324
2366
2324
2325
2330
2325
2326
2364
2366
2326
2327
2329
2330
2327
2328
2363
2364
2328
2329
2332
2356
2332
2333
2359
2363
2330
2331
2355
2356
2331
2345
2355
2333
2334
2336
2356
2334
2335
2358
2359
2335
2336
2337
2342
2337
2338
2357
2358
2341
2342
2354
2356
2338
2339
2340
2342
2339
2357
2340
3089
3090
2342
2343
3087
3090
2342
2343
2344
2349
2354
2343
2344
3087
3088
2349
2350
3080
3088
2346
2347
2355
2347
2348
2352
2348
2349
2354
2355
2349
2350
2351
2352
2350
2354
2351
3080
3081
2352
2353
3079
3081
2353
2910
3079
2355
2356
2356
2358
2361
2359
2360
2361
2360
2363
2377
2361
2362
2376
2377
2362
2369
2376
2364
2365
2377
2365
2366
2368
2367
2368
2375
2377
2368
2368
2373
2375
2370
2371
2376
2371
2372
2374
2372
2373
2375
2376
2373
2374
2375
2376
2377
2377
2381
4756
4757
2380
2381
2382
2397
4752
4756
2381
2383
4752
4756
2397
4753
4756
2388
4752
2386
2389
2398
2450
2386
2387
2392
2447
4738
4754
2387
2389
2450
4738
2388
2389
2396
4754
2389
2396
4752
2393
2395
4753
4755
2392
2393
2394
2446
4739
4755
2393
2447
4739
4754
2395
4754
4755
2446
4740
4755
2396
2397
4753
4754
2397
4752
4754
4752
4753
2399
2400
2448
2449
2450
2400
2401
2404
2404
2405
2442
2449
2402
2403
2404
2403
2453
2630
2404
2406
2626
2630
2405
2406
2410
2411
2410
2442
4742
2408
2411
2626
2629
2408
2409
2422
2619
4642
4744
2409
2411
2629
4642
2410
2411
2438
4744
2411
2438
4742
2415
2417
4740
4751
2414
2415
2416
2436
4745
4751
2415
2420
2437
4741
4745
2417
4741
4751
2436
4746
4751
2444
2446
4740
4741
2419
2420
2426
2435
4745
4750
2420
2423
2427
4743
4750
2437
4743
4745
2422
2423
2425
2618
4646
4750
2423
2619
4646
4744
2427
4744
4750
2425
2426
2430
2614
4645
4747
2426
2618
4645
4750
2435
4747
4750
2438
2441
4743
4744
2431
2434
4746
4748
2430
2431
2612
2613
4647
4748
2431
2614
4647
4747
2434
4747
4748
2433
2612
4650
4749
6483
4749
5064
5065
6382
2435
2436
4746
4747
2436
4745
4747
4745
4746
2440
2445
4741
4743
2441
4742
4744
2440
2441
2442
2452
4737
4742
2441
2445
4737
4743
4742
4743
2449
2452
4742
2444
2445
2447
2451
4737
4739
2445
2446
4739
4741
4737
4741
4739
4740
2451
4738
4739
2449
2450
2451
2452
4738
2452
4738
2452
4737
4738
4737
2454
2455
2630
2455
2456
2460
2459
2460
2624
2630
2457
2458
2460
2458
2463
2481
2460
2461
2480
2481
2460
2461
2462
2623
2624
2461
2462
2470
2480
2469
2470
2595
2623
2464
2465
2481
2465
2466
2468
2467
2468
2479
2481
2468
2468
2475
2479
2470
2471
2473
2593
2594
2595
2597
2471
2472
2480
2472
2473
2474
2476
2474
2475
2479
2480
2476
2477
2583
2594
2475
2476
2479
2477
2478
2478
2583
4660
2579
4660
2480
2481
2481
2483
4726
4727
4735
6486
4733
4735
5186
6351
2485
2486
2514
2515
6484
6496
2486
2517
4696
4732
6496
4723
4724
4732
6484
2488
4699
4700
4730
6489
4728
4730
5192
6345
2490
2491
2610
2613
4649
4651
2491
4649
4725
4726
4736
4651
4723
4725
2493
2494
2512
2513
4695
4721
2494
2497
2501
4653
4721
2516
2517
4653
4694
4695
4696
2496
2497
2572
2573
4666
4721
2497
2522
2574
4654
4666
2501
4654
4721
2499
2500
2568
2569
6490
6499
2500
2572
4667
4722
6499
4701
4702
4722
6490
2601
2605
4653
4654
2503
4708
4709
4719
6495
4717
4719
5214
6333
2505
2506
2566
2567
6493
6498
2506
4672
4673
4715
6498
4705
4706
4715
6493
2508
4677
4678
4712
6497
4710
4712
5220
6327
2510
2511
2518
2519
6487
6492
2511
4707
4708
4720
6487
4705
4707
4714
6492
2513
4692
4693
4695
4703
4701
4703
4721
2515
4698
4699
4731
6484
4689
4690
4698
6496
2517
2604
2611
4651
4653
4651
4696
4732
2519
4691
4692
4704
6492
4689
4691
4697
6487
2521
2522
2528
2571
4666
4688
2522
2525
2529
4658
4688
2574
4658
4666
2524
2525
2527
2539
4686
4688
2525
2532
2540
4659
4686
2529
4659
4688
2527
2528
2536
2562
4663
4687
2528
2539
4687
4688
2571
4663
4688
2585
2589
4658
4659
2531
2532
2538
4686
2532
2533
4661
2540
4661
4686
2579
2582
4661
2535
2536
2558
4680
2536
2537
4687
2562
4680
4687
2538
2539
4687
2539
4686
4686
4687
2581
2586
4659
4661
2542
2545
2547
4675
4684
4685
4685
5289
5290
2544
2545
2546
2556
4682
4684
2545
2550
2557
4679
4682
2547
4679
4684
2556
4683
4684
2564
2570
4674
4675
4679
2549
2550
2555
4682
2550
2551
4681
2557
4681
4682
2558
2561
4681
2553
5305
2554
4683
2555
2556
4683
2556
4682
4682
4683
2560
2565
4679
4681
2561
4680
2560
2561
2562
2578
4662
4680
2561
2565
4662
4681
4680
4681
2578
4663
4680
2564
2565
2576
2577
4662
4669
4670
2565
2570
4668
4669
4679
4662
4679
2567
4676
4677
4713
6493
2570
4668
4676
6498
2569
4671
4672
4716
6490
2577
4664
4671
6499
4668
4674
4676
2573
2575
4663
4666
2573
4667
4721
4722
2575
4665
4666
4667
2588
2602
4654
4658
2576
2578
4663
4665
2577
2578
4662
4664
4665
4664
4670
4671
4662
4663
2582
4660
2581
2582
2583
2599
4655
4660
2582
2586
4655
4661
4660
4661
2594
2599
4660
2585
2586
2592
2598
4655
4657
2586
2589
4657
4659
4655
4659
2588
2589
2591
2641
4640
4657
2589
2602
4640
4658
4657
4658
2591
2592
2596
2637
4639
4656
2592
2641
4639
4657
2598
4656
4657
2594
2597
2598
2599
4656
2599
2596
2597
2623
2639
2597
2637
2639
4656
4656
2599
4655
4656
4655
2601
2602
2608
2640
4640
4652
2602
2605
4652
4654
4640
4654
2604
2605
2607
2622
4643
4652
2605
2611
4643
4653
4652
4653
2607
2608
2617
2635
4638
4644
2608
2622
4644
4652
2640
4638
4652
2610
2611
2614
2621
4643
4647
2611
2613
4647
4651
4643
4651
2613
4650
4748
4749
4647
4648
4649
4650
2621
4645
4647
2616
2617
2619
2631
4641
4646
2617
2618
2620
4644
4646
2635
4641
4644
2620
4645
4646
2631
4642
4646
2621
2622
4644
4645
2622
4643
4645
4643
4644
2624
2625
2636
2638
2639
2625
2626
2630
2626
2628
2633
2636
2627
2628
2629
2630
2628
2629
2631
2634
4642
2633
2634
4642
2634
4641
4642
2633
2634
2635
2644
4637
4641
2634
2636
4637
4641
2644
4638
4641
2638
4637
2638
2639
2643
4639
2639
2643
4637
2641
2642
4638
4640
2642
4639
4640
2643
2644
4638
4639
2644
4637
4639
4637
4638
2646
2647
3439
3440
6502
6687
2647
4626
4627
4635
6502
4119
4120
4635
6687
2649
2650
2681
2682
6500
6515
2650
4585
4586
4632
6515
4623
4624
4632
6500
2652
2653
3426
3427
6508
6681
2653
4589
4590
4629
6508
4128
4129
4629
6681
2655
4625
4626
4636
6073
4623
4625
4631
6068
2657
2658
2679
2680
6505
6517
2658
4612
4613
4621
6505
4582
4583
4621
6517
2660
2661
2793
2794
6503
6557
2661
4467
4468
4618
6557
4609
4610
4618
6503
2663
2664
2787
2788
6509
6554
2664
4471
4472
4615
6554
4591
4592
4615
6509
2666
4611
4612
4622
6064
4609
4611
4617
6059
2668
2669
3421
3422
6514
6671
2669
4598
4599
4607
6514
4149
4150
4607
6671
2671
2672
2785
2786
6512
6548
2672
4484
4485
4604
6548
4595
4596
4604
6512
2674
2675
3376
3377
6529
6665
2675
4488
4489
4601
6529
4156
4157
4601
6665
2677
2678
2685
2686
6506
6511
2678
4597
4598
4608
6506
4595
4597
4603
6511
2680
4580
4581
4593
6517
4591
4593
4614
6505
2682
4588
4589
4630
6500
4577
4578
4588
6515
2684
4584
4585
4633
6070
4582
4584
4620
6062
2686
4579
4580
4594
6511
4577
4579
4587
6506
2688
2689
2791
2792
6520
6559
2689
4566
4567
4575
6520
4464
4465
4575
6559
2691
2692
2721
2722
6518
6524
2692
4548
4549
4572
6524
4563
4564
4572
6518
2694
2695
2777
2778
6523
6553
2695
4552
4553
4569
6523
4473
4474
4569
6553
2697
4565
4566
4576
6058
4563
4565
4571
6055
2699
2700
2706
2719
4559
6526
2700
2707
4559
4562
4545
4546
4562
6526
2702
2703
2705
2902
4434
4559
2703
2810
4434
4560
2707
4559
4560
2705
2706
2712
2899
4433
4554
2706
2902
4433
4559
2719
2720
4554
4559
4559
4561
4562
2709
2710
2716
2772
4555
6547
2710
2718
4555
4557
4497
4498
4557
6547
2712
2713
2715
2898
4435
4555
2713
2899
4435
4554
2717
2718
2725
4554
4555
2715
2716
2744
2890
4432
4504
2716
2898
4432
4555
2772
2773
4504
4555
2718
2725
4558
6521
4555
4557
4558
2720
4544
6526
2726
4543
4544
4554
2722
4551
4552
4570
6518
4541
4542
4551
6524
2724
4547
4548
4573
6052
4545
4547
4561
2726
2727
4554
6521
2727
4543
4554
4541
4543
4550
6521
2729
2730
3371
3372
6535
6637
2730
4530
4531
4539
6535
4227
4228
4539
6637
2732
2733
2764
2765
6533
6542
2733
4512
4513
4536
6542
4527
4528
4536
6533
2735
2736
3354
3355
6541
6631
2736
4516
4517
4533
6541
4234
4235
4533
6631
2738
2739
2789
2790
6527
6532
2739
4529
4530
4540
6527
4527
4529
4535
6532
2741
2742
2748
2762
4523
6544
2742
2750
4523
4525
4509
4510
4525
6544
2744
2745
2747
2889
4437
4523
2745
2890
4437
4504
2749
2750
2779
4504
4523
2747
2748
2755
2886
4436
4518
2748
2889
4436
4523
2762
2763
4518
4523
2750
2779
4526
6536
4523
4525
4526
2752
2753
2759
3349
4519
6619
2753
2761
4519
4521
4256
4257
4521
6619
2755
2756
2758
2885
4438
4519
2756
2886
4438
4518
2760
2761
2769
4518
4519
2758
2759
2840
3202
3950
4439
2759
2885
4439
4519
3349
3350
3950
4519
2761
2769
4522
6539
4519
4521
4522
2763
4508
6544
2770
4507
4508
4518
2765
4515
4516
4534
6533
4505
4506
4515
6542
2767
2768
2804
2805
6530
6538
2768
4511
4512
4537
6530
4509
4511
4524
6538
2770
2771
4518
6539
2771
4507
4518
4505
4507
4514
6539
2773
4496
6547
2780
4495
4496
4504
2775
2776
2802
2803
6545
6560
2776
4449
4450
4502
6560
4493
4494
4502
6545
2778
4453
4454
4499
6553
4497
4499
4556
6523
2780
2781
4504
6536
2781
4495
4504
4493
4495
4501
6536
2783
2784
2800
2801
6550
6562
2784
4480
4481
4491
6550
4446
4447
4491
6562
2786
4487
4488
4602
6512
4477
4478
4487
6548
2788
4483
4484
4605
6509
4455
4456
4483
6554
2790
4479
4480
4492
6532
4477
4479
4486
6527
2792
4462
4463
4475
6559
4473
4475
4568
6520
2794
4470
4471
4616
6503
4459
4460
4470
6557
2796
4466
4467
4619
6061
4464
4466
4574
6056
2798
2799
2806
2807
6551
6556
2799
4461
4462
4476
6551
4459
4461
4469
6556
2801
4444
4445
4457
6562
4455
4457
4482
6550
2803
4452
4453
4500
6545
4441
4442
4452
6560
2805
4448
4449
4503
6538
4446
4448
4490
6530
2807
4443
4444
4458
6556
4441
4443
4451
6551
2809
2810
2811
2812
2900
4434
2810
2811
4440
4434
4440
2812
2813
2817
2816
2817
2894
2900
2901
2814
2815
2817
2815
2820
2837
2817
2818
2836
2837
2817
2818
2819
2893
2894
2818
2819
2827
2836
2826
2827
2880
2893
2821
2822
2837
2822
2823
2825
2824
2825
2835
2837
2825
2825
2832
2835
2827
2828
2830
2879
2880
2828
2829
2836
2829
2830
2831
2834
2831
2832
2835
2836
2833
2834
2875
2879
2832
2834
2835
2834
2860
2875
2836
2837
2837
2839
2840
2841
2844
3197
4427
2840
2841
2843
4439
3202
4427
4439
2842
2843
2844
2845
2851
2843
2845
2846
2882
2884
2891
2884
2885
4439
2850
2851
3187
3197
3198
2846
2847
2849
2851
2847
2848
2881
2882
2848
2849
2854
2874
2854
2855
2877
2881
2851
2852
2873
2874
2851
2852
2853
3186
3187
2852
2853
2864
2873
2863
2864
3162
3186
2855
2856
2858
2874
2856
2857
2876
2877
2857
2858
2859
2862
2859
2860
2875
2876
2861
2862
2872
2874
2860
2862
2875
2862
2869
2872
2864
2865
2867
3161
3162
2865
2866
2873
2866
2867
2868
2871
2868
2869
2872
2873
2870
2871
3154
3161
2869
2871
2872
2871
3153
3154
2873
2874
2874
2876
2879
2877
2878
2879
2878
2881
2909
2879
2880
2908
2909
2880
2893
2908
2882
2883
2909
2883
2888
2891
2892
2887
2888
2905
2907
2909
2885
2891
4438
4438
4439
2891
2892
4436
4438
2888
2889
2905
4437
2889
2892
4436
4436
4437
2905
2906
4432
4437
2892
4438
4436
2894
2895
2908
2895
2901
2903
2904
2896
2897
2903
2907
2908
2897
2898
2903
4435
2898
2906
2907
4432
4432
4435
2903
2904
4433
4435
2901
2902
4434
2902
2904
4433
4433
4434
2904
4435
4433
2906
2907
4437
2907
4432
2908
2909
2909
2911
2912
3079
2912
2913
2918
2913
2914
3077
3079
2914
2915
2917
2918
2915
2916
3076
3077
2916
2917
2920
2945
2920
2921
3070
3076
2918
2919
2944
2945
2919
2934
2944
2921
2922
2924
2945
2922
2923
3069
3070
2923
2924
2925
2931
2925
2926
3067
3069
2930
2931
2943
2945
2926
2927
2929
2931
2927
2928
3066
3067
2928
2929
2946
3026
2946
2947
3044
3066
2931
2932
3024
3026
2931
2932
2933
2938
2943
2932
2933
3024
3025
2938
2939
3019
3025
2935
2936
2944
2936
2937
2941
2937
2938
2943
2944
2938
2939
2940
2941
2939
2943
2940
3019
3020
2941
2942
3018
3020
2942
2981
3018
2944
2945
2945
2947
2948
2950
3026
2948
2949
3043
3044
2949
2950
2951
2957
2951
2952
3041
3043
2956
2957
3022
3026
2952
2953
2955
2957
2953
2954
3040
3041
2954
2955
2960
2980
2960
2961
3034
3040
2957
2958
2979
2980
2957
2958
2959
3021
3022
2958
2959
2970
2979
2969
2970
3014
3021
2961
2962
2964
2980
2962
2963
3033
3034
2963
2964
2965
2968
2965
2966
3031
3033
2967
2968
2978
2980
2966
2968
3030
3031
2968
2975
2978
2970
2971
2973
3013
3014
2971
2972
2979
2972
2973
2974
2977
2974
2975
2978
2979
2976
2977
3009
3013
2975
2977
2978
2977
2997
3009
2979
2980
2980
2982
2983
3018
2983
2984
2989
2984
2985
3016
3018
2985
2986
2988
2989
2986
2987
3015
3016
2987
2988
2991
3008
2991
2992
3011
3015
2989
2990
3007
3008
2990
3000
3007
2992
2993
2995
3008
2993
2994
3010
3011
2994
2995
2996
2999
2996
2997
3009
3010
2998
2999
3006
3008
2997
2999
3009
2999
3004
3006
3001
3002
3007
3002
3003
3005
3003
3004
3006
3007
3004
3005
3006
3007
3008
3008
3010
3013
3011
3012
3013
3012
3015
3029
3013
3014
3028
3029
3014
3021
3028
3016
3017
3029
3017
3018
3020
3019
3020
3027
3029
3020
3020
3025
3027
3022
3023
3028
3023
3024
3026
3024
3025
3027
3028
3025
3026
3027
3028
3029
3029
3031
3032
3765
3032
3033
3037
3036
3037
3761
3765
3034
3035
3037
3035
3040
3065
3037
3038
3064
3065
3037
3038
3039
3760
3761
3038
3039
3051
3064
3050
3051
3750
3760
3041
3042
3065
3042
3043
3047
3046
3047
3063
3065
3044
3045
3047
3045
3066
3149
3047
3048
3147
3149
3047
3048
3049
3056
3063
3048
3049
3147
3148
3056
3057
3142
3148
3051
3052
3054
3749
3750
3052
3053
3064
3053
3054
3055
3060
3055
3056
3063
3064
3059
3060
3742
3749
3056
3057
3058
3060
3057
3063
3058
3142
3143
3060
3061
3141
3143
3060
3061
3062
3741
3742
3061
3062
3095
3141
3094
3095
3696
3741
3064
3065
3065
3067
3068
3149
3068
3069
3073
3072
3073
3145
3149
3070
3071
3073
3071
3076
3093
3073
3074
3092
3093
3073
3074
3075
3144
3145
3074
3075
3083
3092
3082
3083
3137
3144
3077
3078
3093
3078
3079
3081
3080
3081
3091
3093
3081
3081
3088
3091
3083
3084
3086
3136
3137
3084
3085
3092
3085
3086
3087
3090
3087
3088
3091
3092
3089
3090
3132
3136
3088
3090
3091
3090
3114
3132
3092
3093
3093
3095
3096
3098
3695
3696
3096
3097
3141
3097
3098
3099
3105
3099
3100
3139
3141
3104
3105
3686
3695
3100
3101
3103
3105
3101
3102
3138
3139
3102
3103
3108
3131
3108
3109
3134
3138
3105
3106
3130
3131
3105
3106
3107
3685
3686
3106
3107
3118
3130
3117
3118
3650
3685
3109
3110
3112
3131
3110
3111
3133
3134
3111
3112
3113
3116
3113
3114
3132
3133
3115
3116
3129
3131
3114
3116
3132
3116
3123
3129
3118
3119
3121
3648
3649
3650
3652
3119
3120
3130
3120
3121
3122
3124
3122
3123
3129
3130
3124
3125
3638
3649
3123
3124
3129
3125
3127
3128
3127
3638
3825
3127
3128
3634
3827
3128
3634
3825
3130
3131
3131
3133
3136
3134
3135
3136
3135
3138
3152
3136
3137
3151
3152
3137
3144
3151
3139
3140
3152
3140
3141
3143
3142
3143
3150
3152
3143
3143
3148
3150
3145
3146
3151
3146
3147
3149
3147
3148
3150
3151
3148
3149
3150
3151
3152
3152
3154
3155
3726
3155
3156
3161
3156
3157
3724
3726
3157
3158
3160
3161
3158
3159
3723
3724
3159
3160
3163
3209
3163
3164
3717
3723
3161
3162
3208
3209
3162
3186
3208
3164
3165
3167
3209
3165
3166
3716
3717
3166
3167
3177
3184
3185
3168
3169
3184
3714
3716
3176
3177
3205
3207
3209
3169
3172
3184
4431
3172
3712
3714
3803
3171
3172
3174
3584
3906
4431
3172
3212
3585
3803
3906
3803
4431
3174
3175
3179
3578
3905
4429
3175
3584
3905
4431
3184
3185
4429
4431
3177
3180
3205
4430
3180
3185
4429
3179
3180
3182
3577
3911
4430
3180
3578
3911
4429
4429
4430
3182
3183
3192
3552
3891
4425
3183
3577
3891
4430
3205
3206
4425
4430
3185
4431
4429
3187
3188
3208
3188
3198
3203
3204
3189
3190
3203
3207
3208
3190
3193
3203
4428
3193
3206
3207
4425
3192
3193
3195
3551
3945
4428
3193
3552
3945
4425
4425
4428
3195
3196
3200
3545
3944
4426
3196
3551
3944
4428
3203
3204
4426
4428
3198
3201
4427
3201
3204
4426
3200
3201
3202
3544
3949
4427
3201
3545
3949
4426
4426
4427
3544
3950
4427
3204
4428
4426
3206
3207
4430
3207
4425
3208
3209
3209
3211
3212
3581
4420
6565
3212
3220
3815
4419
4420
3581
3585
3815
3906
3214
3215
3246
3247
6563
6575
3215
3249
4392
4424
6575
4417
4418
4424
6563
3217
3218
3569
3570
6568
6750
3218
4395
4396
4422
6568
3907
3908
4422
6750
3220
3221
3665
3669
3815
3816
3221
3815
4419
3816
4417
4419
3223
3224
3244
3245
4391
4415
3224
3227
3231
3818
4415
3248
3249
3818
4390
4391
4392
3226
3227
3337
3338
4279
4415
3227
3254
3339
3819
4279
3231
3819
4415
3229
3230
3332
3333
6569
6610
3230
3337
4282
4416
6610
4397
4398
4416
6569
3656
3660
3818
3819
3233
3234
3564
3565
6574
6744
3234
4404
4405
4413
6574
3920
3921
4413
6744
3236
3237
3330
3331
6572
6607
3237
4290
4291
4410
6607
4401
4402
4410
6572
3239
3240
3517
3518
6578
6738
3240
4294
4295
4407
6578
3927
3928
4407
6738
3242
3243
3250
3251
6566
6571
3243
4403
4404
4414
6566
4401
4403
4409
6571
3245
4388
4389
4391
4399
4397
4399
4415
3247
4394
4395
4423
6563
4385
4386
4394
6575
3249
3659
3666
3816
3818
3816
4392
4424
3251
4387
4388
4400
6571
4385
4387
4393
6566
3253
3254
3260
3336
4279
4384
3254
3257
3261
3823
4384
3339
3823
4279
3256
3257
3259
3276
4378
4384
3257
3264
3277
3824
4378
3261
3824
4384
3259
3260
3270
3324
4273
4379
3260
3276
4379
4384
3336
4273
4384
3640
3644
3823
3824
3263
3264
3266
3275
4378
4383
3264
3265
3267
3826
4383
3277
3826
4378
3267
3827
4383
3275
4380
4383
3634
3637
3826
3827
3269
3270
3319
3320
4305
4381
3270
3271
3274
4379
4381
3324
4304
4305
4306
4379
3274
4380
4381
3273
4382
4957
6430
4310
4311
4382
6588
3275
3276
4379
4380
3276
4378
4380
4378
4379
3636
3641
3824
3826
3279
3280
3512
3513
6584
6723
3280
4367
4368
4376
6584
3991
3992
4376
6723
3282
3283
3312
3313
6582
6603
3283
4322
4323
4373
6603
4364
4365
4373
6582
3285
3286
3497
3498
6596
6717
3286
4326
4327
4370
6596
3998
3999
4370
6717
3288
3289
3334
3335
6576
6581
3289
4366
4367
4377
6576
4364
4366
4372
6581
3291
3292
3310
3311
6593
6605
3292
4351
4352
4362
6593
4319
4320
4362
6605
3294
4358
4359
4984
6424
4348
4349
4358
6591
3296
4354
4355
4987
6421
4328
4329
4354
6597
3298
3299
3325
3326
6585
6590
3299
4350
4351
4363
6585
4348
4350
4357
6590
3301
3302
3492
3493
6602
6711
3302
4335
4336
4346
6602
4021
4022
4346
6711
3304
4342
4343
4998
6415
4332
4333
4342
6600
3306
4338
4339
5001
6412
4028
4029
4338
6653
3308
3309
3317
3318
6594
6599
3309
4334
4335
4347
6594
4332
4334
4341
6599
3311
4317
4318
4330
6605
4328
4330
4353
6593
3313
4325
4326
4371
6582
4314
4315
4325
6603
3315
3316
3345
3346
6579
6587
3316
4321
4322
4374
6579
4319
4321
4361
6587
3318
4316
4317
4331
6599
4314
4316
4324
6594
3320
4302
4303
4305
4312
4310
4312
4381
3322
3323
3343
3344
6606
6611
3323
4271
4272
4308
6611
4299
4300
4308
6606
3343
4273
4274
4306
3326
4301
4302
4313
6590
4299
4301
4307
6585
3328
3329
3341
3342
6609
6613
3329
4286
4287
4297
6609
4268
4269
4297
6613
3331
4293
4294
4408
6572
4283
4284
4293
6607
3333
4289
4290
4411
6569
4275
4276
4289
6610
3335
4285
4286
4298
6581
4283
4285
4292
6576
3338
3340
4273
4279
3338
4282
4415
4416
3340
4279
4280
4281
4282
3643
3657
3819
3823
3347
3348
4273
4281
3342
4266
4267
4277
6613
4275
4277
4288
6609
3344
4274
4306
6606
4263
4264
4274
6611
3346
4270
4271
4309
6587
4268
4270
4296
6579
3348
4265
4266
4278
4281
4263
4265
4273
3350
4255
6619
3357
3950
4254
4255
3352
3353
3383
3384
6617
6638
3353
4212
4213
4261
6638
4252
4253
4261
6617
3355
4216
4217
4258
6631
4256
4258
4520
6541
3357
3358
3544
3546
3950
6616
3358
3950
4254
4252
4254
4260
6616
3360
3361
3381
3382
6628
6640
3361
4241
4242
4250
6628
4209
4210
4250
6640
3363
3364
3476
3477
6626
6703
3364
4058
4059
4247
6703
4238
4239
4247
6626
3366
3367
3470
3471
6632
6700
3367
4062
4063
4244
6700
4218
4219
4244
6632
3369
3370
3539
3540
6620
6625
3370
4240
4241
4251
6620
4238
4240
4246
6625
3372
4225
4226
4236
6637
4234
4236
4532
6535
3374
3375
3468
3469
6635
6694
3375
4075
4076
4232
6694
4222
4223
4232
6635
3377
4079
4080
4229
6665
4227
4229
4538
6529
3379
3380
3388
3389
6629
6634
3380
4224
4225
4237
6629
4222
4224
4231
6634
3382
4207
4208
4220
6640
4218
4220
4243
6628
3384
4215
4216
4259
6617
4204
4205
4215
6638
3386
3387
3559
3560
6614
6622
3387
4211
4212
4262
6614
4209
4211
4249
6622
3389
4206
4207
4221
6634
4204
4206
4214
6629
3391
3392
3474
3475
6649
6705
3392
4193
4194
4202
6649
4055
4056
4202
6705
3394
3395
3414
3415
6647
6660
3395
4168
4169
4199
6660
4190
4191
4199
6647
3397
3398
3461
3462
6659
6699
3398
4172
4173
4196
6659
4064
4065
4196
6699
3400
3401
3510
3511
6641
6646
3401
4192
4193
4203
6641
4190
4192
4198
6646
3403
3404
3413
6656
6662
3404
4181
4182
4188
6656
4165
4166
4188
6662
3406
3407
3499
3500
6650
6655
3407
4180
4181
4189
6650
4178
4180
4183
6655
3409
3410
3457
6693
3410
4174
4176
4089
4090
4176
6693
3412
3419
3420
6657
4174
4177
6657
4163
4164
6662
3415
4171
4172
4197
6647
4160
4161
4171
6660
3417
3418
3526
3527
6644
6652
3418
4167
4168
4200
6644
4165
4167
4187
6652
3420
4162
4163
4160
4162
4170
6657
3422
4147
4148
4158
6671
4156
4158
4600
6514
3424
3425
3450
3451
6669
6688
3425
4104
4105
4154
6688
4144
4145
4154
6669
3427
4108
4109
4151
6681
4149
4151
4606
6508
3429
3430
3472
3473
6663
6668
3430
4146
4147
4159
6663
4144
4146
4153
6668
3432
3433
3448
3449
6678
6690
3433
4135
4136
4142
6678
4101
4102
4142
6690
3435
4138
4139
5077
6376
4110
4111
4138
6682
3437
3438
3463
3464
6672
6675
3438
4134
4135
4143
6672
4132
4134
6675
3440
4117
4118
4130
6687
4128
4130
4628
6502
3442
4125
4126
5085
6373
4114
4115
4125
6685
3444
4121
4122
5088
6087
4119
4121
4634
6071
3446
3447
3455
3456
6679
6684
3447
4116
4117
4131
6679
4114
4116
4124
6684
3449
4099
4100
4112
6690
4110
4112
4137
6678
3451
4107
4108
4152
6669
4096
4097
4107
6688
3453
3454
3488
3489
6666
6674
3454
4103
4104
4155
6666
4101
4103
4141
6674
3456
4098
4099
4113
6684
4096
4098
4106
6679
4087
4088
6693
3459
3460
3486
3487
6691
6706
3460
4040
4041
4094
6706
4084
4085
4094
6691
3462
4044
4045
4091
6699
4089
4091
4175
6659
3464
4086
4087
6675
4084
4086
4093
6672
3466
3467
3484
3485
6696
6708
3467
4071
4072
4082
6696
4037
4038
4082
6708
3469
4078
4079
4230
6635
4068
4069
4078
6694
3471
4074
4075
4233
6632
4046
4047
4074
6700
3473
4070
4071
4083
6668
4068
4070
4077
6663
3475
4053
4054
4066
6705
4064
4066
4195
6649
3477
4061
4062
4245
6626
4050
4051
4061
6703
3479
3480
3621
3622
6623
6643
3480
4057
4058
4248
6623
4055
4057
4201
6643
3482
3483
3490
3491
6697
6702
3483
4052
4053
4067
6697
4050
4052
4060
6702
3485
4035
4036
4048
6708
4046
4048
4073
6696
3487
4043
4044
4092
6691
4032
4033
4043
6706
3489
4039
4040
4095
6674
4037
4039
4081
6666
3491
4034
4035
4049
6702
4032
4034
4042
6697
3493
4019
4020
4030
6711
4028
4030
4337
6602
3495
3496
3524
3525
6709
6724
3496
3976
3977
4026
6724
4016
4017
4026
6709
3498
3980
3981
4023
6717
4021
4023
4345
6596
3500
4018
4019
4031
6655
4016
4018
4025
6650
3502
3503
3522
3523
6714
6726
3503
4005
4006
4014
6714
3973
3974
4014
6726
3505
3506
3619
3620
6712
6766
3506
3854
3855
4011
6766
4002
4003
4011
6712
3508
3509
3613
3614
6718
6763
3509
3858
3859
4008
6763
3982
3983
4008
6718
3511
4004
4005
4015
6646
4002
4004
4010
6641
3513
3989
3990
4000
6723
3998
4000
4369
6584
3515
3516
3611
3612
6721
6757
3516
3871
3872
3996
6757
3986
3987
3996
6721
3518
3875
3876
3993
6738
3991
3993
4375
6578
3520
3521
3528
3529
6715
6720
3521
3988
3989
4001
6715
3986
3988
3995
6720
3523
3971
3972
3984
6726
3982
3984
4007
6714
3525
3979
3980
4024
6709
3968
3969
3979
6724
3527
3975
3976
4027
6652
3973
3975
4013
6644
3529
3970
3971
3985
6720
3968
3970
3978
6715
3531
3532
3617
3618
6729
6768
3532
3957
3958
3966
6729
3851
3852
3966
6768
3534
3535
3557
3558
6727
6733
3535
3938
3939
3963
6733
3954
3955
3963
6727
3537
3538
3603
3604
6732
6762
3538
3942
3943
3960
6732
3860
3861
3960
6762
3540
3956
3957
3967
6625
3954
3956
3962
6620
3542
3543
3545
3555
3949
6735
3543
3547
3949
3952
3935
3936
3952
6735
3546
3547
3949
3950
3555
3556
3944
3949
3547
3953
6616
3949
3952
3953
3549
3550
3552
3598
3945
6756
3550
3554
3945
3947
3884
3885
3947
6756
3553
3554
3561
3944
3945
3598
3599
3891
3945
3554
3561
3948
6730
3945
3947
3948
3556
3934
6735
3562
3933
3934
3944
3558
3941
3942
3961
6727
3931
3932
3941
6733
3560
3937
3938
3964
6622
3935
3937
3951
6614
3562
3563
3944
6730
3563
3933
3944
3931
3933
3940
6730
3565
3918
3919
3929
6744
3927
3929
4406
6574
3567
3568
3590
3591
6742
6751
3568
3899
3900
3925
6751
3915
3916
3925
6742
3570
3903
3904
3922
6750
3920
3922
4412
6568
3572
3573
3615
3616
6736
6741
3573
3917
3918
3930
6736
3915
3917
3924
6741
3575
3576
3578
3588
3911
6753
3576
3580
3911
3913
3896
3897
3913
6753
3579
3580
3605
3891
3911
3588
3589
3905
3911
3580
3605
3914
6745
3911
3913
3914
3582
3583
3906
6565
3583
3587
3906
3909
3907
3909
4421
6565
3586
3587
3595
3905
3906
3668
3713
3803
3815
3587
3595
3910
6748
3906
3909
3910
3589
3895
6753
3596
3894
3895
3905
3591
3902
3903
3923
6742
3892
3893
3902
6751
3593
3594
3630
3631
6739
6747
3594
3898
3899
3926
6739
3896
3898
3912
6747
3596
3597
3905
6748
3597
3894
3905
3892
3894
3901
6748
3599
3883
6756
3606
3882
3883
3891
3601
3602
3628
3629
6754
6769
3602
3836
3837
3889
6769
3880
3881
3889
6754
3604
3840
3841
3886
6762
3884
3886
3946
6732
3606
3607
3891
6745
3607
3882
3891
3880
3882
3888
6745
3609
3610
3626
3627
6759
6771
3610
3867
3868
3878
6759
3833
3834
3878
6771
3612
3874
3875
3994
6721
3864
3865
3874
6757
3614
3870
3871
3997
6718
3842
3843
3870
6763
3616
3866
3867
3879
6741
3864
3866
3873
6736
3618
3849
3850
3862
6768
3860
3862
3959
6729
3620
3857
3858
4009
6712
3846
3847
3857
6766
3622
3853
3854
4012
6643
3851
3853
3965
6623
3624
3625
3632
3633
6760
6765
3625
3848
3849
3863
6760
3846
3848
3856
6765
3627
3831
3832
3844
6771
3842
3844
3869
6759
3629
3839
3840
3887
6754
3828
3829
3839
6769
3631
3835
3836
3890
6747
3833
3835
3877
6739
3633
3830
3831
3845
6765
3828
3830
3838
6760
3637
3825
3827
3636
3637
3638
3654
3820
3825
3637
3641
3820
3826
3825
3826
3649
3654
3825
3640
3641
3647
3653
3820
3822
3641
3644
3822
3824
3820
3824
3643
3644
3646
3707
3807
3822
3644
3657
3807
3823
3822
3823
3646
3647
3651
3703
3806
3821
3647
3707
3806
3822
3653
3821
3822
3649
3652
3653
3654
3821
3654
3651
3652
3685
3705
3652
3703
3705
3821
3821
3654
3820
3821
3820
3656
3657
3663
3706
3807
3817
3657
3660
3817
3819
3807
3819
3659
3660
3662
3684
3810
3817
3660
3666
3810
3818
3817
3818
3662
3663
3675
3701
3805
3811
3663
3684
3811
3817
3706
3805
3817
3665
3666
3672
3683
3810
3814
3666
3669
3814
3816
3810
3816
3668
3669
3671
3792
3801
3814
3669
3713
3801
3815
3814
3815
3671
3672
3677
3789
3800
3812
3672
3792
3800
3814
3683
3812
3814
3674
3675
3681
3697
3808
3813
3675
3678
3682
3811
3813
3701
3808
3811
3677
3678
3680
3788
3802
3813
3678
3789
3802
3812
3682
3812
3813
3680
3681
3692
3781
3799
3809
3681
3788
3799
3813
3697
3809
3813
3683
3684
3811
3812
3684
3810
3812
3810
3811
3686
3687
3702
3704
3705
3687
3688
3695
3688
3690
3699
3702
3689
3690
3691
3693
3694
3695
3690
3693
3697
3700
3809
3699
3700
3692
3693
3694
3780
3782
3693
3781
3782
3809
3809
3695
3696
3778
3780
3696
3741
3778
3700
3808
3809
3699
3700
3701
3710
3804
3808
3700
3702
3804
3808
3710
3805
3808
3704
3804
3704
3705
3709
3806
3705
3709
3804
3707
3708
3805
3807
3708
3806
3807
3709
3710
3805
3806
3710
3804
3806
3804
3805
3712
3713
3714
3715
3790
3801
3713
3714
3803
3801
3803
3715
3716
3720
3719
3720
3784
3790
3791
3717
3718
3720
3718
3723
3740
3720
3721
3739
3740
3720
3721
3722
3783
3784
3721
3722
3730
3739
3729
3730
3774
3783
3724
3725
3740
3725
3726
3728
3727
3728
3738
3740
3728
3728
3735
3738
3730
3731
3733
3773
3774
3731
3732
3739
3732
3733
3734
3737
3734
3735
3738
3739
3736
3737
3769
3773
3735
3737
3738
3737
3757
3769
3739
3740
3740
3742
3743
3778
3743
3744
3749
3744
3745
3776
3778
3745
3746
3748
3749
3746
3747
3775
3776
3747
3748
3751
3768
3751
3752
3771
3775
3749
3750
3767
3768
3750
3760
3767
3752
3753
3755
3768
3753
3754
3770
3771
3754
3755
3756
3759
3756
3757
3769
3770
3758
3759
3766
3768
3757
3759
3769
3759
3764
3766
3761
3762
3767
3762
3763
3765
3763
3764
3766
3767
3764
3765
3766
3767
3768
3768
3770
3773
3771
3772
3773
3772
3775
3798
3773
3774
3797
3798
3774
3783
3797
3776
3777
3798
3777
3778
3780
3779
3780
3796
3798
3780
3780
3781
3782
3795
3796
3782
3782
3795
3799
3784
3785
3797
3785
3791
3793
3794
3786
3787
3793
3796
3797
3787
3788
3793
3802
3788
3795
3796
3799
3799
3802
3793
3794
3800
3802
3791
3792
3801
3792
3794
3800
3800
3801
3794
3802
3800
3796
3799
3797
3798
3798
4417
4424
3829
3830
3838
3839
3830
3832
6769
6770
3831
3832
3832
3844
3845
6770
6771
3834
3835
3877
3878
3835
3837
6770
6771
3836
3837
3837
3889
3890
6769
6770
3839
3841
6760
6761
3840
3841
3841
3886
3887
6761
6762
3843
3844
3869
3870
3844
3845
6763
6764
3845
6764
6765
3847
3848
3856
3857
3848
3850
6766
6767
3849
3850
3850
3862
3863
6767
6768
3852
3853
3965
3966
3853
3855
6767
6768
3854
3855
3855
4011
4012
6766
6767
3857
3859
6764
6765
3858
3859
3859
4008
4009
6763
6764
3861
3862
3959
3960
3862
3863
6761
6762
3863
6760
6761
3865
3866
3873
3874
3866
3868
6757
6758
3867
3868
3868
3878
3879
6758
6759
3870
3872
6758
6759
3871
3872
3872
3996
3997
6757
6758
3874
3876
6736
6737
3875
3876
3876
3993
3994
6737
6738
3878
3879
6739
6740
3879
6740
6741
3881
3882
3888
3889
3882
3883
6754
6755
3883
6755
6756
3885
3886
3946
3947
3886
3887
6755
6756
3887
6754
6755
3889
3890
6745
6746
3890
6746
6747
3893
3894
3901
3902
3894
3895
6751
6752
3895
6752
6753
3897
3898
3912
3913
3898
3900
6752
6753
3899
3900
3900
3925
3926
6751
6752
3902
3904
6748
6749
3903
3904
3904
3922
3923
6749
6750
3908
3909
4421
4422
3909
3910
6749
6750
3910
6748
6749
3913
3914
6746
6747
3914
6745
6746
3916
3917
3924
3925
3917
3919
6742
6743
3918
3919
3919
3929
3930
6743
6744
3921
3922
4412
4413
3922
3923
6743
6744
3923
6742
6743
3925
3926
6740
6741
3926
6739
6740
3928
3929
4406
4407
3929
3930
6737
6738
3930
6736
6737
3932
3933
3940
3941
3933
3934
6733
6734
3934
6734
6735
3936
3937
3951
3952
3937
3939
6734
6735
3938
3939
3939
3963
3964
6733
6734
3941
3943
6730
6731
3942
3943
3943
3960
3961
6731
6732
3947
3948
6731
6732
3948
6730
6731
3952
3953
6614
6615
3953
6615
6616
3955
3956
3962
3963
3956
3958
6727
6728
3957
3958
3958
3966
3967
6728
6729
3960
3961
6728
6729
3961
6727
6728
3963
3964
6620
6621
3964
6621
6622
3966
3967
6623
6624
3967
6624
6625
3969
3970
3978
3979
3970
3972
6724
6725
3971
3972
3972
3984
3985
6725
6726
3974
3975
4013
4014
3975
3977
6725
6726
3976
3977
3977
4026
4027
6724
6725
3979
3981
6715
6716
3980
3981
3981
4023
4024
6716
6717
3983
3984
4007
4008
3984
3985
6718
6719
3985
6719
6720
3987
3988
3995
3996
3988
3990
6721
6722
3989
3990
3990
4000
4001
6722
6723
3992
3993
4375
4376
3993
3994
6722
6723
3994
6721
6722
3996
3997
6719
6720
3997
6718
6719
3999
4000
4369
4370
4000
4001
6716
6717
4001
6715
6716
4003
4004
4010
4011
4004
4006
6712
6713
4005
4006
4006
4014
4015
6713
6714
4008
4009
6713
6714
4009
6712
6713
4011
4012
6641
6642
4012
6642
6643
4014
4015
6644
6645
4015
6645
6646
4017
4018
4025
4026
4018
4020
6709
6710
4019
4020
4020
4030
4031
6710
6711
4022
4023
4345
4346
4023
4024
6710
6711
4024
6709
6710
4026
4027
6650
6651
4027
6651
6652
4029
4030
4337
4338
4030
4031
6653
6654
4031
6654
6655
4033
4034
4042
4043
4034
4036
6706
6707
4035
4036
4036
4048
4049
6707
6708
4038
4039
4081
4082
4039
4041
6707
6708
4040
4041
4041
4094
4095
6706
6707
4043
4045
6697
6698
4044
4045
4045
4091
4092
6698
6699
4047
4048
4073
4074
4048
4049
6700
6701
4049
6701
6702
4051
4052
4060
4061
4052
4054
6703
6704
4053
4054
4054
4066
4067
6704
6705
4056
4057
4201
4202
4057
4059
6704
6705
4058
4059
4059
4247
4248
6703
6704
4061
4063
6701
6702
4062
4063
4063
4244
4245
6700
6701
4065
4066
4195
4196
4066
4067
6698
6699
4067
6697
6698
4069
4070
4077
4078
4070
4072
6694
6695
4071
4072
4072
4082
4083
6695
6696
4074
4076
6695
6696
4075
4076
4076
4232
4233
6694
6695
4078
4080
6663
6664
4079
4080
4080
4229
4230
6664
6665
4082
4083
6666
6667
4083
6667
6668
4085
4086
4093
4094
4086
4088
6691
6692
4087
4088
4088
6692
6693
4090
4091
4175
4176
4091
4092
6692
6693
4092
6691
6692
4094
4095
6672
6673
4095
6673
6674
4097
4098
4106
4107
4098
4100
6688
6689
4099
4100
4100
4112
4113
6689
6690
4102
4103
4141
4142
4103
4105
6689
6690
4104
4105
4105
4154
4155
6688
6689
4107
4109
6679
6680
4108
4109
4109
4151
4152
6680
6681
4111
4112
4137
4138
4112
4113
6682
6683
4113
6683
6684
4115
4116
4124
4125
4116
4118
6685
6686
4117
4118
4118
4130
4131
6686
6687
4120
4121
4634
4635
4121
4123
6686
6687
4122
4123
4123
5087
5088
6685
6686
4125
4127
6683
6684
4126
4127
4127
5084
5085
6682
6683
4129
4130
4628
4629
4130
4131
6680
6681
4131
6679
6680
4133
4134
4134
4136
6676
6677
4135
4136
4136
4142
4143
6677
6678
4138
4140
6677
6678
4139
4140
4140
5077
6676
6677
4142
4143
6673
6674
4143
6672
6673
4145
4146
4153
4154
4146
4148
6669
6670
4147
4148
4148
4158
4159
6670
6671
4150
4151
4606
4607
4151
4152
6670
6671
4152
6669
6670
4154
4155
6667
6668
4155
6666
6667
4157
4158
4600
4601
4158
4159
6664
6665
4159
6663
6664
4161
4162
4170
4171
4162
4164
6660
6661
4163
4164
4164
6661
6662
4166
4167
4187
4188
4167
4169
6661
6662
4168
4169
4169
4199
4200
6660
6661
4171
4173
6657
6658
4172
4173
4173
4196
4197
6658
6659
4176
4177
4176
4177
6658
6659
4177
6657
6658
4179
4180
4183
4184
4180
4182
4181
4182
4182
4188
4189
6656
4184
4186
6654
6655
4185
4186
4186
6653
6654
4188
4189
6651
6652
4189
6650
6651
4191
4192
4198
4199
4192
4194
6647
6648
4193
4194
4194
4202
4203
6648
6649
4196
4197
6648
6649
4197
6647
6648
4199
4200
6645
6646
4200
6644
6645
4202
4203
6642
6643
4203
6641
6642
4205
4206
4214
4215
4206
4208
6638
6639
4207
4208
4208
4220
4221
6639
6640
4210
4211
4249
4250
4211
4213
6639
6640
4212
4213
4213
4261
4262
6638
6639
4215
4217
6629
6630
4216
4217
4217
4258
4259
6630
6631
4219
4220
4243
4244
4220
4221
6632
6633
4221
6633
6634
4223
4224
4231
4232
4224
4226
6635
6636
4225
4226
4226
4236
4237
6636
6637
4228
4229
4538
4539
4229
4230
6636
6637
4230
6635
6636
4232
4233
6633
6634
4233
6632
6633
4235
4236
4532
4533
4236
4237
6630
6631
4237
6629
6630
4239
4240
4246
4247
4240
4242
6626
6627
4241
4242
4242
4250
4251
6627
6628
4244
4245
6627
6628
4245
6626
6627
4247
4248
6624
6625
4248
6623
6624
4250
4251
6621
6622
4251
6620
6621
4253
4254
4260
4261
4254
4255
6617
6618
4255
6618
6619
4257
4258
4520
4521
4258
4259
6618
6619
4259
6617
6618
4261
4262
6615
6616
4262
6614
6615
4264
4265
4273
4274
4265
4267
6611
6612
4266
4267
4267
4277
4278
6612
6613
4269
4270
4296
4297
4270
4272
6612
6613
4271
4272
4272
4308
4309
6611
6612
4274
4276
4277
4288
4289
4277
4278
4280
6610
4278
4280
4281
4281
4282
6610
6610
4284
4285
4292
4293
4285
4287
6607
6608
4286
4287
4287
4297
4298
6608
6609
4289
4291
6608
6609
4290
4291
4291
4410
4411
6607
6608
4293
4295
6576
6577
4294
4295
4295
4407
4408
6577
6578
4297
4298
6579
6580
4298
6580
6581
4300
4301
4307
4308
4301
4303
4304
6606
4302
4303
4303
4312
4313
4304
4305
4305
4306
6606
6606
4308
4309
6585
6586
4309
6586
6587
4311
4312
4381
4382
4312
4313
6588
6589
4313
6589
6590
4315
4316
4324
4325
4316
4318
6603
6604
4317
4318
4318
4330
4331
6604
6605
4320
4321
4361
4362
4321
4323
6604
6605
4322
4323
4323
4373
4374
6603
6604
4325
4327
6594
6595
4326
4327
4327
4370
4371
6595
6596
4329
4330
4353
4354
4330
4331
6597
6598
4331
6598
6599
4333
4334
4341
4342
4334
4336
6600
6601
4335
4336
4336
4346
4347
6601
6602
4338
4340
6601
6602
4339
4340
4340
5000
5001
6600
6601
4342
4344
6598
6599
4343
4344
4344
4997
4998
6597
6598
4346
4347
6595
6596
4347
6594
6595
4349
4350
4357
4358
4350
4352
6591
6592
4351
4352
4352
4362
4363
6592
6593
4354
4356
6592
6593
4355
4356
4356
4986
4987
6591
6592
4358
4360
6589
6590
4359
4360
4360
4983
4984
6588
6589
4362
4363
6586
6587
4363
6585
6586
4365
4366
4372
4373
4366
4368
6582
6583
4367
4368
4368
4376
4377
6583
6584
4370
4371
6583
6584
4371
6582
6583
4373
4374
6580
6581
4374
6579
6580
4376
4377
6577
6578
4377
6576
6577
4382
4386
4387
4393
4394
4387
4389
4390
6575
4388
4389
4389
4399
4400
4390
4391
4391
4392
6575
6575
4394
4396
6566
6567
4395
4396
4396
4422
4423
6567
6568
4398
4399
4415
4416
4399
4400
6569
6570
4400
6570
6571
4402
4403
4409
4410
4403
4405
6572
6573
4404
4405
4405
4413
4414
6573
6574
4407
4408
6573
6574
4408
6572
6573
4410
4411
6570
6571
4411
6569
6570
4413
4414
6567
6568
4414
6566
6567
4416
4418
4419
4424
4419
4420
6563
6564
4420
6564
6565
4422
4423
6564
6565
4423
6563
6564
4442
4443
4451
4452
4443
4445
6560
6561
4444
4445
4445
4457
4458
6561
6562
4447
4448
4490
4491
4448
4450
6561
6562
4449
4450
4450
4502
4503
6560
6561
4452
4454
6551
6552
4453
4454
4454
4499
4500
6552
6553
4456
4457
4482
4483
4457
4458
6554
6555
4458
6555
6556
4460
4461
4469
4470
4461
4463
6557
6558
4462
4463
4463
4475
4476
6558
6559
4465
4466
4574
4575
4466
4468
6558
6559
4467
4468
4468
4618
4619
6557
6558
4470
4472
6555
6556
4471
4472
4472
4615
4616
6554
6555
4474
4475
4568
4569
4475
4476
6552
6553
4476
6551
6552
4478
4479
4486
4487
4479
4481
6548
6549
4480
4481
4481
4491
4492
6549
6550
4483
4485
6549
6550
4484
4485
4485
4604
4605
6548
6549
4487
4489
6527
6528
4488
4489
4489
4601
4602
6528
6529
4491
4492
6530
6531
4492
6531
6532
4494
4495
4501
4502
4495
4496
6545
6546
4496
6546
6547
4498
4499
4556
4557
4499
4500
6546
6547
4500
6545
6546
4502
4503
6536
6537
4503
6537
6538
4506
4507
4514
4515
4507
4508
6542
6543
4508
6543
6544
4510
4511
4524
4525
4511
4513
6543
6544
4512
4513
4513
4536
4537
6542
6543
4515
4517
6539
6540
4516
4517
4517
4533
4534
6540
6541
4521
4522
6540
6541
4522
6539
6540
4525
4526
6537
6538
4526
6536
6537
4528
4529
4535
4536
4529
4531
6533
6534
4530
4531
4531
4539
4540
6534
6535
4533
4534
6534
6535
4534
6533
6534
4536
4537
6531
6532
4537
6530
6531
4539
4540
6528
6529
4540
6527
6528
4542
4543
4550
4551
4543
4544
6524
6525
4544
6525
6526
4546
4547
4561
4562
4547
4549
6525
6526
4548
4549
4549
4572
4573
6524
6525
4551
4553
6521
6522
4552
4553
4553
4569
4570
6522
6523
4557
4558
6522
6523
4558
6521
6522
4562
4564
4565
4571
4572
4565
4567
6518
6519
4566
4567
4567
4575
4576
6519
6520
4569
4570
6519
6520
4570
6518
6519
4572
4573
6051
6055
4573
6051
6052
4575
4576
6056
6057
4576
6057
6058
4578
4579
4587
4588
4579
4581
6515
6516
4580
4581
4581
4593
4594
6516
6517
4583
4584
4620
4621
4584
4586
6516
6517
4585
4586
4586
4632
4633
6515
6516
4588
4590
6506
6507
4589
4590
4590
4629
4630
6507
6508
4592
4593
4614
4615
4593
4594
6509
6510
4594
6510
6511
4596
4597
4603
4604
4597
4599
6512
6513
4598
4599
4599
4607
4608
6513
6514
4601
4602
6513
6514
4602
6512
6513
4604
4605
6510
6511
4605
6509
6510
4607
4608
6507
6508
4608
6506
6507
4610
4611
4617
4618
4611
4613
6503
6504
4612
4613
4613
4621
4622
6504
6505
4615
4616
6504
6505
4616
6503
6504
4618
4619
6059
6060
4619
6060
6061
4621
4622
6062
6063
4622
6063
6064
4624
4625
4631
4632
4625
4627
6500
6501
4626
4627
4627
4635
4636
6501
6502
4629
4630
6501
6502
4630
6500
6501
4632
4633
6068
6069
4633
6069
6070
4635
4636
6071
6072
4636
6072
6073
4649
4650
4734
4736
6483
4736
6483
4723
4732
4665
6499
4667
6499
6499
4669
6498
4670
4673
6498
4671
4673
4672
4673
4673
4715
4716
6498
4675
4676
4678
4678
4685
6497
4677
4678
4678
4712
4713
6497
6497
4690
4691
4697
4698
4691
4693
4694
6496
4692
4693
4693
4703
4704
4694
4695
4695
4696
6496
6496
4698
4700
6487
6488
4699
4700
4700
4730
4731
6488
6489
4702
4703
4721
4722
4703
4704
6490
6491
4704
6491
6492
4706
4707
4714
4715
4707
4709
6493
6494
4708
4709
4709
4719
4720
6494
6495
4711
4712
5220
5221
4712
4713
6494
6495
4713
6493
6494
4715
4716
6491
6492
4716
6490
6491
4718
4719
5214
5215
4719
4720
6488
6489
4720
6487
6488
4722
4724
4725
4732
4725
4727
6484
6485
4726
4727
4727
4735
4736
6485
6486
4729
4730
5192
5193
4730
4731
6485
6486
4731
6484
6485
4734
4735
5186
5187
4735
4736
6483
4736
4749
5064
5064
4759
4760
4760
4762
6477
6478
4761
4762
4762
4784
4785
6478
6479
4764
4765
4765
4767
6480
6481
4766
4767
4767
4775
4776
6481
6482
4769
4770
4878
4879
4770
4772
6481
6482
4771
4772
4772
4888
4889
6480
6481
4774
4775
4872
4873
4775
4776
6478
6479
4776
6477
6478
4778
4779
4786
4779
4781
6474
6475
4780
4781
4781
4789
4790
6475
6476
4783
4784
4848
4849
4784
4785
6475
6476
4785
6474
6475
6463
4788
4789
4840
4841
4789
4790
6464
6465
4790
6465
6466
4792
4809
4810
6470
6471
4794
4800
4801
6472
6473
4796
4797
5093
4797
4799
6473
4798
4799
4799
5264
5265
6472
6473
4801
4803
6471
4802
4803
4803
5261
5262
6470
6471
4805
4806
4813
4814
4806
4808
6467
6468
4807
4808
4808
6468
6469
4810
4812
6468
6469
4811
4812
4812
5250
5251
6467
6468
4814
4816
6465
6466
4815
4816
4816
5247
5248
6464
6465
4818
4819
4827
4828
4819
4821
6460
6461
4820
4821
4821
4833
4834
6461
6462
4823
4824
4864
4865
4824
4826
6461
6462
4825
4826
4826
4876
4877
6460
6461
4828
4830
6451
6452
4829
4830
4830
4873
4874
6452
6453
4832
4833
4856
4857
4833
4834
6454
6455
4834
6455
6456
4836
4837
4844
4845
4837
4839
6457
6458
4838
4839
4839
4849
4850
6458
6459
4841
4843
6458
6459
4842
4843
4843
5204
5205
6457
6458
4845
4847
6455
6456
4846
4847
4847
5201
5202
6454
6455
4849
4850
6452
6453
4850
6451
6452
4852
4853
4860
4861
4853
4855
6448
6449
4854
4855
4855
4865
4866
6449
6450
4857
4859
6449
6450
4858
4859
4859
5190
5191
6448
6449
4861
4863
6380
6381
4862
4863
4863
5187
5188
6381
6382
4865
4866
6383
6384
4866
6384
6385
4868
4869
4875
4876
4869
4871
6445
6446
4870
4871
4871
4879
4880
6446
6447
4873
4874
6446
6447
4874
6445
6446
4876
4877
6387
6388
4877
6388
6389
4879
4880
6390
6391
4880
6391
6392
4890
4891
4883
4884
4887
4888
4884
4886
6444
4885
4886
4886
4891
4892
4888
4889
6400
6401
4889
6401
6402
4891
4892
6403
6404
4892
6404
6405
4894
6409
6410
6410
6411
4896
6412
6413
6413
6414
4898
4899
4905
4906
4899
4901
4902
6443
4900
4901
4901
4911
4912
4902
4903
4903
4904
6443
6443
4906
4908
6434
6435
4907
4908
4908
4942
4943
6435
6436
4910
4911
4931
4932
4911
4912
6437
6438
4912
6438
6439
4914
4915
4923
4924
4915
4917
6440
6441
4916
4917
4917
4929
4930
6441
6442
4919
4920
5016
5017
4920
4922
6441
6442
4921
4922
4922
5048
5049
6440
6441
4924
4926
6438
6439
4925
4926
4926
5045
5046
6437
6438
4928
4929
5010
5011
4929
4930
6435
6436
4930
6434
6435
4932
4936
4937
4944
4945
4937
4939
6431
6432
4938
4939
4939
4948
4949
6432
6433
4941
4942
4988
4989
4942
4943
6432
6433
4943
6431
6432
4945
4947
4948
4982
4983
4948
4949
4955
6430
4949
4955
4956
4956
4957
6430
6430
4960
4961
4969
4970
4961
4963
6427
6428
4962
4963
4963
4975
4976
6428
6429
4965
4966
5002
5003
4966
4968
6428
6429
4967
4968
4968
5014
5015
6427
6428
4970
4972
6418
6419
4971
4972
4972
5011
5012
6419
6420
4974
4975
4996
4997
4975
4976
6421
6422
4976
6422
6423
4978
4979
4985
4986
4979
4981
6424
6425
4980
4981
4981
4989
4990
6425
6426
4983
4984
6425
6426
4984
6424
6425
4986
4987
6422
6423
4987
6421
6422
4989
4990
6419
6420
4990
6418
6419
4992
4993
4999
5000
4993
4995
6415
6416
4994
4995
4995
5003
5004
6416
6417
4997
4998
6416
6417
4998
6415
6416
5000
5001
6413
6414
5001
6412
6413
5003
5004
6410
6411
5004
6409
6410
5006
5007
5013
5014
5007
5009
6406
6407
5008
5009
5009
5017
5018
6407
6408
5011
5012
6407
6408
5012
6406
6407
5014
5015
6404
6405
5015
6403
6404
5017
5018
6401
6402
5018
6400
6401
5020
5021
5029
5030
5021
5023
6397
6398
5022
5023
5023
5033
5034
6398
6399
5025
5026
5050
5051
5026
5028
6398
6399
5027
5028
5028
5062
5063
6397
6398
5030
5032
5033
5044
5045
5033
5034
5036
6396
5034
5036
5037
5037
5038
6396
6396
5040
5041
5047
5048
5041
5043
6393
6394
5042
5043
5043
5051
5052
6394
6395
5045
5046
6394
6395
5046
6393
6394
5048
5049
6391
6392
5049
6390
6391
5051
5052
6388
6389
5052
6387
6388
5054
5055
5061
5062
5055
5057
5058
6386
5056
5057
5057
5066
5067
5058
5059
5059
5060
6386
6386
5062
5063
6384
6385
5063
6383
6384
5065
5066
5066
5067
6381
6382
5067
6380
6381
5069
5070
5089
5090
5070
5072
6378
6379
5071
5072
5072
5092
6378
5074
5075
5083
5084
5075
5076
6376
6377
5076
6377
6376
6377
5079
5080
5086
5087
5080
5082
6373
6374
5081
5082
5082
5090
5091
6374
6375
5084
5085
6374
6375
5085
6373
6374
5087
5088
6085
6086
5088
6086
6087
5090
5091
6088
6089
5091
6089
6090
6095
6096
5094
6115
6116
6116
6117
5096
5097
5105
5106
5097
5099
6370
6371
5098
5099
5099
5111
5112
6371
6372
5101
5102
5144
5145
5102
5104
6371
6372
5103
5104
5104
5157
5158
6370
6371
5106
5108
6361
6362
5107
5108
5108
5154
5155
6362
6363
5110
5111
5136
5137
5111
5112
6364
6365
5112
6365
6366
5114
5115
5123
5124
5115
5117
6367
6368
5116
5117
5117
5129
5130
6368
6369
5119
5120
5280
5281
5120
5122
6368
6369
5121
5122
5122
5302
5303
6367
6368
5124
5126
6365
6366
5125
5126
5126
5298
5299
6364
6365
5128
5129
5274
5275
5129
5130
6362
6363
5130
6361
6362
5132
5133
5140
5141
5133
5135
6358
6359
5134
5135
5135
5145
5146
6359
6360
5137
5139
6359
6360
5138
5139
5139
5293
5294
6358
6359
5141
5143
6325
6326
5142
5143
5143
5290
5291
6326
6327
5145
5146
6328
6329
5146
6329
6330
5148
5149
5156
5157
5149
5151
6355
6356
5150
5151
5151
5161
5162
6356
6357
5153
5154
5252
5253
5154
5155
6356
6357
5155
6355
6356
5157
5158
6334
6335
5158
6335
6336
5160
5161
5246
5247
5161
5162
6337
6338
5162
6338
6339
5164
5165
5173
5174
5165
5167
6352
6353
5166
5167
5167
5179
5180
6353
6354
5169
5170
5206
5207
5170
5172
6353
6354
5171
5172
5172
5218
5219
6352
6353
5174
5176
6343
6344
5175
5176
5176
5215
5216
6344
6345
5178
5179
5200
5201
5179
5180
6346
6347
5180
6347
6348
5182
5183
5189
5190
5183
5185
6349
6350
5184
5185
5185
5193
5194
6350
6351
5187
5188
6350
6351
5188
6349
6350
5190
5191
6347
6348
5191
6346
6347
5193
5194
6344
6345
5194
6343
6344
5196
5197
5203
5204
5197
5199
6340
6341
5198
5199
5199
5207
5208
6341
6342
5201
5202
6341
6342
5202
6340
6341
5204
5205
6338
6339
5205
6337
6338
5207
5208
6335
6336
5208
6334
6335
5210
5211
5217
5218
5211
5213
6331
6332
5212
5213
5213
5221
5222
6332
6333
5215
5216
6332
6333
5216
6331
6332
5218
5219
6329
6330
5219
6328
6329
5221
5222
6326
6327
5222
6325
6326
5224
5225
5233
5234
5225
5227
6322
6323
5226
5227
5227
5239
5240
6323
6324
5229
5230
5266
5267
5230
5232
6323
6324
5231
5232
5232
5278
5279
6322
6323
5234
5236
6313
6314
5235
5236
5236
5275
5276
6314
6315
5238
5239
5260
5261
5239
5240
6316
6317
5240
6317
6318
5242
5243
5249
5250
5243
5245
6319
6320
5244
5245
5245
5253
5254
6320
6321
5247
5248
6320
6321
5248
6319
6320
5250
5251
6317
6318
5251
6316
6317
5253
5254
6314
6315
5254
6313
6314
5256
5257
5263
5264
5257
5259
6310
6311
5258
5259
5259
5267
5268
6311
6312
5261
5262
6311
6312
5262
6310
6311
5264
5265
6176
6177
5265
6177
6178
5267
5268
6179
6180
5268
6180
6181
5270
5271
5277
5278
5271
5273
6307
6308
5272
5273
5273
5281
5282
6308
6309
5275
5276
6308
6309
5276
6307
6308
5278
5279
6185
6186
5279
6186
6187
5281
5282
6188
6189
5282
6189
6190
5286
6305
5292
5294
6305
5288
6306
5289
5291
6306
5290
5291
5291
6306
5293
5294
5294
6305
5296
6304
5297
5299
6304
5298
5299
5299
6304
5301
5302
5303
5303
5682
6206
5303
6206
5313
5314
5314
5315
5316
5316
5318
6284
6285
5317
5318
5318
5394
5395
6285
6286
5320
5321
5378
5380
6287
5380
6287
5330
5368
5326
5327
5335
5336
5327
5329
6301
6302
5328
5329
5329
5341
5342
6302
6303
5331
5332
5368
5332
5334
6302
6303
5333
5334
5334
5379
5380
6301
6302
5336
5338
6292
6293
5337
5338
5338
5376
5377
6293
6294
5340
5341
5364
5365
5341
5342
6295
6296
5342
6296
6297
5344
5345
5353
5354
5345
5347
6298
6299
5346
5347
5347
5359
5360
6299
6300
5349
5350
5966
5967
5350
5352
6299
6300
5351
5352
5352
6022
6023
6298
6299
5354
5356
6296
6297
5355
5356
5356
6019
6020
6295
6296
5358
5359
5960
5961
5359
5360
6293
6294
5360
6292
6293
5362
5363
5364
5367
6291
5367
6291
5365
5367
6291
5366
5367
5367
6008
6009
5370
5371
5378
5379
5371
5373
6288
6289
5372
5373
5373
5383
5384
6289
6290
5375
5376
5940
5941
5376
5377
6289
6290
5377
6288
6289
5379
5380
6287
5380
5382
5383
5934
5935
5383
5384
6285
6286
5384
6284
6285
5396
5854
5390
5391
5393
5395
6283
5395
6283
5393
5394
5861
5862
5394
5395
6283
5395
5854
5401
5402
5410
5411
5402
5404
6280
6281
5403
5404
5404
5416
5417
6281
6282
5406
5407
5449
5450
5407
5409
6281
6282
5408
5409
5409
5462
5463
6280
6281
5411
5413
6271
6272
5412
5413
5413
5459
5460
6272
6273
5415
5416
5441
5442
5416
5417
6274
6275
5417
6275
6276
5419
5420
5428
5429
5420
5422
6277
6278
5421
5422
5422
5434
5435
6278
6279
5424
5425
5591
5592
5425
5427
6278
6279
5426
5427
5427
5613
5614
6277
6278
5429
5431
6275
6276
5430
5431
5431
5609
5610
6274
6275
5433
5434
5585
5586
5434
5435
6272
6273
5435
6271
6272
5437
5438
5445
5446
5438
5440
6268
6269
5439
5440
5440
5450
5451
6269
6270
5442
5444
6269
6270
5443
5444
5444
5604
5605
6268
6269
5446
5448
6235
6236
5447
5448
5448
5601
5602
6236
6237
5450
5451
6238
6239
5451
6239
6240
5453
5454
5461
5462
5454
5456
6265
6266
5455
5456
5456
5466
5467
6266
6267
5458
5459
5567
5568
5459
5460
6266
6267
5460
6265
6266
5462
5463
6244
6245
5463
6245
6246
5465
5466
5559
5560
5466
5467
6247
6248
5467
6248
6249
5469
5470
5478
5479
5470
5472
6262
6263
5471
5472
5472
5484
5485
6263
6264
5474
5475
5517
5518
5475
5477
6263
6264
5476
5477
5477
5530
5531
6262
6263
5479
5481
6253
6254
5480
5481
5481
5527
5528
6254
6255
5483
5484
5509
5510
5484
5485
6256
6257
5485
6257
6258
5487
5488
5496
5497
5488
5490
6259
6260
5489
5490
5490
5502
5503
6260
6261
5492
5493
5740
5741
5493
5495
6260
6261
5494
5495
5495
5903
5904
6259
6260
5497
5499
6257
6258
5498
5499
5499
5900
5901
6256
6257
5501
5502
5734
5735
5502
5503
6254
6255
5503
6253
6254
5505
5506
5513
5514
5506
5508
6250
6251
5507
5508
5508
5518
5519
6251
6252
5510
5512
6251
6252
5511
5512
5512
5889
5890
6250
6251
5514
5516
6248
6249
5515
5516
5516
5886
5887
6247
6248
5518
5519
6245
6246
5519
6244
6245
5521
5522
5529
5530
5522
5524
6241
6242
5523
5524
5524
5534
5535
6242
6243
5526
5527
5712
5713
5527
5528
6242
6243
5528
6241
6242
5530
5531
6239
6240
5531
6238
6239
5533
5534
5706
5707
5534
5535
6236
6237
5535
6235
6236
5537
5538
5546
5547
5538
5540
6232
6233
5539
5540
5540
5552
5553
6233
6234
5542
5543
5578
5579
5543
5545
6233
6234
5544
5545
5545
5589
5590
6232
6233
5547
5549
6223
6224
5548
5549
5549
5586
5587
6224
6225
5551
5552
5573
5574
5552
5553
6226
6227
5553
6227
6228
5555
5556
5563
5564
5556
5558
6229
6230
5557
5558
5558
5568
5569
6230
6231
5560
5562
6230
6231
5561
5562
5562
5844
5845
6229
6230
5564
5566
6227
6228
5565
5566
5566
5841
5842
6226
6227
5568
5569
6224
6225
5569
6223
6224
5571
5572
5573
5576
6222
5576
6222
5574
5576
6222
5575
5576
5576
5830
5831
5579
5581
5582
5588
5589
5582
5584
6219
6220
5583
5584
5584
5592
5593
6220
6221
5586
5587
6220
6221
5587
6219
6220
5589
5590
5643
6211
5590
5643
5644
5592
5593
6212
6213
5593
6213
6214
5597
6217
5603
5605
6217
5599
6218
5600
5602
6218
5601
5602
5602
6218
5604
5605
5605
6217
5607
6216
5608
5610
6216
5609
5610
5610
6216
5612
5613
5614
5614
5633
6215
5614
6215
5622
5623
5626
5626
5624
5626
5625
5626
5626
5641
5642
6215
5638
5639
5639
5640
5641
5641
5642
6213
6214
5642
6212
6213
5644
5645
6211
6211
5650
6209
5657
5660
6209
5652
6210
5653
5656
6210
5654
5656
5655
5656
5656
5724
5725
6210
5658
5660
5659
5660
5660
5721
5722
6209
5662
6208
5663
5666
6208
5664
5666
5665
5666
5666
5710
5711
6208
5668
5669
5671
5671
5678
6207
5670
5671
5671
5707
5708
6207
6207
6206
5684
5685
5693
5694
5685
5687
6203
6204
5686
5687
5687
5699
5700
6204
6205
5689
5690
5726
5727
5690
5692
6204
6205
5691
5692
5692
5738
5739
6203
6204
5694
5696
6194
6195
5695
5696
5696
5735
5736
6195
6196
5698
5699
5720
5721
5699
5700
6197
6198
5700
6198
6199
5702
5703
5709
5710
5703
5705
6200
6201
5704
5705
5705
5713
5714
6201
6202
5707
5708
6201
6202
5708
6200
6201
5710
5711
6198
6199
5711
6197
6198
5713
5714
6195
6196
5714
6194
6195
5716
5717
5723
5724
5717
5719
6191
6192
5718
5719
5719
5727
5728
6192
6193
5721
5722
6192
6193
5722
6191
6192
5724
5725
6189
6190
5725
6188
6189
5727
5728
6186
6187
5728
6185
6186
5730
5731
5737
5738
5731
5733
6182
6183
5732
5733
5733
5741
5742
6183
6184
5735
5736
6183
6184
5736
6182
6183
5738
5739
6180
6181
5739
6179
6180
5741
5742
6177
6178
5742
6176
6177
5744
5745
5753
5754
5745
5747
6173
6174
5746
5747
5747
5759
5760
6174
6175
5749
5750
5789
5790
5750
5752
6174
6175
5751
5752
5752
5802
5803
6173
6174
5754
5756
6164
6165
5755
5756
5756
5799
5800
6165
6166
5758
5759
5781
5782
5759
5760
6167
6168
5760
6168
6169
5762
5763
5768
5769
5763
5765
6170
6171
5764
5765
5765
5774
5775
6171
6172
5767
6171
6172
6170
6171
5769
5771
6168
6169
5770
5771
5771
5949
5950
6167
6168
5773
5774
5908
5909
5774
5775
6165
6166
5775
6164
6165
5777
5778
5785
5786
5778
5780
6161
6162
5779
5780
5780
5790
5791
6162
6163
5782
5784
6162
6163
5783
5784
5784
5938
5939
6161
6162
5786
5788
6133
6134
5787
5788
5788
5935
5936
6134
6135
5790
5791
6136
6137
5791
6137
6138
5793
5794
5801
5802
5794
5796
6158
6159
5795
5796
5796
5806
5807
6159
6160
5798
5799
5891
5892
5799
5800
6159
6160
5800
6158
6159
5802
5803
6142
6143
5803
6143
6144
5805
5806
5885
5886
5806
5807
6145
6146
5807
6146
6147
5809
5810
5818
5819
5810
5812
6155
6156
5811
5812
5812
5824
5825
6156
6157
5814
5815
5846
5847
5815
5817
6156
6157
5816
5817
5817
5859
5860
6155
6156
5819
5821
5832
6151
5820
5821
5821
5856
5857
5832
5833
5823
5824
5840
5841
5824
5825
6152
6153
5825
6153
6154
5827
5828
5828
5829
5830
5830
5831
6153
6154
5831
6152
6153
5833
5834
6151
6151
5836
5837
5843
5844
5837
5839
6148
6149
5838
5839
5839
5847
5848
6149
6150
5841
5842
6149
6150
5842
6148
6149
5844
5845
6146
6147
5845
6145
6146
5847
5848
6143
6144
5848
6142
6143
5850
5851
5858
5859
5851
5853
6139
6140
5852
5853
5853
5862
5863
6140
6141
5855
5856
5856
5857
6140
6141
5857
6139
6140
5859
5860
6137
6138
5860
6136
6137
5862
5863
6134
6135
5863
6133
6134
5865
5866
5872
5873
5866
5868
6130
6131
5867
5868
5868
5878
5879
6131
6132
5870
5905
5871
6131
6132
6130
6131
5873
5875
6121
6122
5874
5875
5875
5909
5910
6122
6123
5877
5878
5899
5900
5878
5879
6124
6125
5879
6125
6126
5881
5882
5888
5889
5882
5884
6127
6128
5883
5884
5884
5892
5893
6128
6129
5886
5887
6128
6129
5887
6127
6128
5889
5890
6125
6126
5890
6124
6125
5892
5893
6122
6123
5893
6121
6122
5895
5896
5902
5903
5896
5898
6118
6119
5897
5898
5898
5905
6119
6120
5900
5901
6119
6120
5901
6118
6119
5903
5904
6116
6117
5904
6115
6116
5907
6112
6113
6113
6114
5909
5910
6113
6114
5910
6112
6113
5912
5913
5921
5922
5913
5915
6109
6110
5914
5915
5915
5927
5928
6110
6111
5917
5918
5952
5953
5918
5920
6110
6111
5919
5920
5920
5964
5965
6109
6110
5922
5924
6100
6101
5923
5924
5924
5961
5962
6101
6102
5926
5927
5948
5949
5927
5928
6103
6104
5928
6104
6105
5930
5931
5937
5938
5931
5933
6106
6107
5932
5933
5933
5941
5942
6107
6108
5935
5936
6107
6108
5936
6106
6107
5938
5939
6104
6105
5939
6103
6104
5941
5942
6101
6102
5942
6100
6101
5944
5945
5951
5945
5947
6097
6098
5946
5947
5947
5953
5954
6098
6099
5949
5950
6098
6099
5950
6097
6098
5953
5954
6095
6096
5954
6094
6095
5956
5957
5963
5964
5957
5959
6091
6092
5958
5959
5959
5967
5968
6092
6093
5961
5962
6092
6093
5962
6091
6092
5964
5965
6089
6090
5965
6088
6089
5967
5968
6086
6087
5968
6085
6086
5981
6032
5974
5975
5977
5980
6084
5980
6084
5977
5978
6039
6040
5978
5980
6084
5979
5980
5980
6049
6050
6032
5987
5988
5996
5997
5988
5990
6081
6082
5989
5990
5990
6002
6003
6082
6083
5992
5993
6024
6025
5993
5995
6082
6083
5994
5995
5995
6037
6038
6081
6082
5997
5999
6010
6077
5998
5999
5999
6034
6035
6010
6011
6001
6002
6018
6019
6002
6003
6078
6079
6003
6079
6080
6005
6006
6006
6007
6008
6008
6009
6079
6080
6009
6078
6079
6011
6012
6077
6077
6014
6015
6021
6022
6015
6017
6074
6075
6016
6017
6017
6025
6026
6075
6076
6019
6020
6075
6076
6020
6074
6075
6022
6023
6072
6073
6023
6071
6072
6025
6026
6069
6070
6026
6068
6069
6028
6029
6036
6037
6029
6031
6065
6066
6030
6031
6031
6040
6041
6066
6067
6033
6034
6034
6035
6066
6067
6035
6065
6066
6037
6038
6063
6064
6038
6062
6063
6040
6041
6060
6061
6041
6059
6060
6046
6047
6047
6048
6049
6049
6050
6057
6058
6050
6056
6057
6052
6053
6055
6055
6057
6058
6060
6061
6063
6064
6066
6067
6069
6070
6072
6073
6075
6076
6079
6080
6082
6083
6086
6087
6089
6090
6092
6093
6095
6096
6098
6099
6101
6102
6104
6105
6107
6108
6110
6111
6113
6114
6116
6117
6119
6120
6122
6123
6125
6126
6128
6129
6131
6132
6134
6135
6137
6138
6140
6141
6143
6144
6146
6147
6149
6150
6153
6154
6156
6157
6159
6160
6162
6163
6165
6166
6168
6169
6171
6172
6174
6175
6177
6178
6180
6181
6183
6184
6186
6187
6189
6190
6192
6193
6195
6196
6198
6199
6201
6202
6204
6205
6213
6214
6220
6221
6224
6225
6227
6228
6230
6231
6233
6234
6236
6237
6239
6240
6242
6243
6245
6246
6248
6249
6251
6252
6254
6255
6257
6258
6260
6261
6263
6264
6266
6267
6269
6270
6272
6273
6275
6276
6278
6279
6281
6282
6285
6286
6289
6290
6293
6294
6296
6297
6299
6300
6302
6303
6308
6309
6311
6312
6314
6315
6317
6318
6320
6321
6323
6324
6326
6327
6329
6330
6332
6333
6335
6336
6338
6339
6341
6342
6344
6345
6347
6348
6350
6351
6353
6354
6356
6357
6359
6360
6362
6363
6365
6366
6368
6369
6371
6372
6374
6375
6377
6379
6381
6382
6384
6385
6388
6389
6391
6392
6394
6395
6398
6399
6401
6402
6404
6405
6407
6408
6410
6411
6413
6414
6416
6417
6419
6420
6422
6423
6425
6426
6428
6429
6432
6433
6435
6436
6438
6439
6441
6442
6446
6447
6449
6450
6452
6453
6455
6456
6458
6459
6461
6462
6465
6466
6468
6469
6471
6473
6475
6476
6478
6479
6481
6482
6485
6486
6488
6489
6491
6492
6494
6495
6501
6502
6504
6505
6507
6508
6510
6511
6513
6514
6516
6517
6519
6520
6522
6523
6525
6526
6528
6529
6531
6532
6534
6535
6537
6538
6540
6541
6543
6544
6546
6547
6549
6550
6552
6553
6555
6556
6558
6559
6561
6562
6564
6565
6567
6568
6570
6571
6573
6574
6577
6578
6580
6581
6583
6584
6586
6587
6589
6590
6592
6593
6595
6596
6598
6599
6601
6602
6604
6605
6608
6609
6612
6613
6615
6616
6618
6619
6621
6622
6624
6625
6627
6628
6630
6631
6633
6634
6636
6637
6639
6640
6642
6643
6645
6646
6648
6649
6651
6652
6654
6655
6658
6659
6661
6662
6664
6665
6667
6668
6670
6671
6673
6674
6677
6678
6680
6681
6683
6684
6686
6687
6689
6690
6692
6693
6695
6696
6698
6699
6701
6702
6704
6705
6707
6708
6710
6711
6713
6714
6716
6717
6719
6720
6722
6723
6725
6726
6728
6729
6731
6732
6734
6735
6737
6738
6740
6741
6743
6744
6746
6747
6749
6750
6752
6753
6755
6756
6758
6759
6761
6762
6764
6765
6767
6768
6770
6771
)


// ************************************************************************* //
